Step 0
0 0 0 0 0 0 0 0 0 0 0 0 0 0 0 0 0 0 0 0 
0 0 0 0 0 0 0 0 0 0 0 0 0 0 0 0 0 0 0 0 
0 0 0 0 0 0 0 0 0 0 0 0 0 0 0 0 0 0 0 0 
0 0 0 0 0 0 0 0 0 0 0 0 0 0 0 0 0 0 0 0 
0 0 0 0 0 0 0 0 0 0 0 0 0 0 0 0 0 0 0 0 
0 0 0 0 0 0 0 0 0 0 0 0 0 0 0 0 0 0 0 0 
0 0 0 0 0 0 0 0 0 0 0 0 0 0 0 0 0 0 0 0 
0 0 0 0 0 0 0 0 0 0 0 0 0 0 0 0 0 0 0 0 
0 0 0 0 0 0 0 0 0 0 0 0 0 0 0 0 0 0 0 0 
0 0 0 0 0 0 0 0 0 0 0 0 0 0 0 0 0 0 0 0 
0 0 0 0 0 0 0 0 0 0 0 0 0 0 0 0 0 0 0 0 
0 0 0 0 0 0 0 0 0 0 0 0 0 0 0 0 0 0 0 0 
0 0 0 0 0 0 0 0 0 0 0 0 0 0 0 0 0 0 0 0 
0 0 0 0 0 0 0 0 0 0 0 0 0 0 0 0 0 0 0 0 
0 0 0 0 0 0 0 0 0 0 0 0 0 0 0 0 0 0 0 0 
0 0 0 0 0 0 0 0 0 0 0 0 0 0 0 0 0 0 0 0 
0 0 0 0 0 0 0 0 0 0 0 0 0 0 0 0 0 0 0 0 
0 0 0 0 0 0 0 0 0 0 0 0 0 0 0 0 0 0 0 0 
0 0 0 0 0 0 0 0 0 0 0 0 0 0 0 0 0 0 0 0 
0 0 0 0 0 0 0 0 0 0 0 0 0 0 0 0 0 0 0 0 

Step 1
0 0 0 0 0 0 0 0 0 0 0 0 0 0 0 0 0 0 0 0 
0 0 0 0 0 0 0 0 0 0 0 0 0 0 0 0 0 0 0 0 
0 0 0 0 0 0 0 0 0 0 0 0 0 0 0 0 0 0 0 0 
0 0 0 0 0 0 0 0 0 0 0 0 0 0 0 0 0 0 0 0 
0 0 0 0 0 0 0 0 0 0 0 0 0 0 0 0 0 0 0 0 
0 0 0 0 0 0 0 0 0 0 0 0 0 0 0 0 0 0 0 0 
0 0 0 0 0 0 0 0 0 0 0 0 0 0 0 0 0 0 0 0 
0 0 0 0 0 0 0 0 0 2.93696e-17 0 0 0 0 0 0 0 0 0 0 
0 0 0 0 0 0 0 0 0 1.97096e-10 2.58337e-05 3.86204e-15 6.07997e-21 0 0 0 0 0 0 0 
0 0 0 0 0 0 0 0 1.72459e-10 5.16674e-05 4.88409e-05 5.16679e-05 6.16042e-11 2.25984e-20 0 0 0 0 0 0 
0 0 0 0 0 0 0 0 2.58335e-05 4.88405e-05 0.000165693 4.8847e-05 2.58342e-05 4.10653e-11 2.84931e-21 0 0 0 0 0 
0 0 0 0 0 0 0 0 0 5.1667e-05 4.88409e-05 5.16685e-05 5.42034e-10 5.88028e-17 4.49289e-27 0 0 0 0 0 
0 0 0 0 0 0 0 0 0 0 2.58337e-05 4.43475e-10 2.35063e-16 6.49668e-26 0 0 0 0 0 0 
0 0 0 0 0 0 0 0 0 0 0 1.17492e-16 6.13789e-26 0 0 0 0 0 0 0 
0 0 0 0 0 0 0 0 0 0 0 0 0 0 0 0 0 0 0 0 
0 0 0 0 0 0 0 0 0 0 0 0 0 0 0 0 0 0 0 0 
0 0 0 0 0 0 0 0 0 0 0 0 0 0 0 0 0 0 0 0 
0 0 0 0 0 0 0 0 0 0 0 0 0 0 0 0 0 0 0 0 
0 0 0 0 0 0 0 0 0 0 0 0 0 0 0 0 0 0 0 0 
0 0 0 0 0 0 0 0 0 0 0 0 0 0 0 0 0 0 0 0 

Step 2
0 0 0 0 0 0 0 0 0 0 0 0 0 0 0 0 0 0 0 0 
0 0 0 0 0 0 0 0 0 0 0 0 0 0 0 0 0 0 0 0 
0 0 0 0 0 0 0 0 0 0 0 0 0 0 0 0 0 0 0 0 
0 0 0 0 0 0 0 0 0 0 0 0 0 0 0 0 0 0 0 0 
0 0 0 0 0 0 0 0 0 8.5842e-20 3.58811e-07 7.16858e-17 1.18759e-22 0 0 0 0 0 0 0 
0 0 0 0 0 0 0 8.18653e-26 8.9848e-19 2.15287e-06 1.35545e-06 2.15289e-06 2.56711e-12 1.49837e-21 0 0 0 0 0 0 
0 0 0 0 0 0 2.78342e-25 3.19523e-18 5.38217e-06 6.77715e-06 1.93769e-05 6.7777e-06 5.38226e-06 3.42387e-12 2.32108e-21 0 0 0 0 0 
0 0 0 0 0 1.74646e-25 3.22957e-18 7.17622e-06 1.35542e-05 5.81309e-05 5.25961e-05 5.81366e-05 1.35562e-05 7.17638e-06 2.56902e-12 1.79707e-21 0 0 0 0 
0 0 0 0 2.18308e-26 7.43964e-19 5.38217e-06 1.35541e-05 8.18136e-05 0.000123898 0.000205297 0.000123948 8.18291e-05 1.35567e-05 5.3823e-06 1.65877e-15 4.31616e-22 0 0 0 
0 0 0 0 2.51803e-20 2.15287e-06 6.77707e-06 5.81303e-05 0.000123895 0.000305076 0.000334636 0.000305195 0.000123992 5.81447e-05 6.77853e-06 2.15292e-06 4.86525e-16 6.79155e-23 0 0 
0 0 0 0 3.58811e-07 1.35543e-06 1.93765e-05 5.25926e-05 0.00020528 0.000334579 0.000476562 0.00033483 0.000205408 5.26426e-05 1.93811e-05 1.35574e-06 3.58821e-07 4.26142e-17 0 0 
0 0 0 0 0 2.15287e-06 6.77705e-06 5.81297e-05 0.000123893 0.000305071 0.000334636 0.000305199 0.000123996 5.81451e-05 6.77862e-06 2.15293e-06 4.86893e-16 6.79154e-23 0 0 
0 0 0 0 0 0 5.38215e-06 1.3554e-05 8.18123e-05 0.000123896 0.000205297 0.000123951 8.18306e-05 1.35571e-05 5.38232e-06 4.62135e-12 4.31769e-22 0 0 0 
0 0 0 0 0 0 0 7.17619e-06 1.35541e-05 5.81305e-05 5.25961e-05 5.81373e-05 1.35566e-05 7.17643e-06 9.41301e-12 2.59302e-21 0 0 0 0 
0 0 0 0 0 0 0 0 5.38215e-06 6.77713e-06 1.93769e-05 6.77778e-06 5.38229e-06 1.11233e-11 4.08448e-18 2.25425e-35 0 0 0 0 
0 0 0 0 0 0 0 0 0 2.15287e-06 1.35545e-06 2.15289e-06 7.70004e-12 4.08265e-18 4.19105e-35 0 0 0 0 0 
0 0 0 0 0 0 0 0 0 0 3.58811e-07 7.16973e-17 1.18759e-22 1.9368e-35 0 0 0 0 0 0 
0 0 0 0 0 0 0 0 0 0 0 0 0 0 0 0 0 0 0 0 
0 0 0 0 0 0 0 0 0 0 0 0 0 0 0 0 0 0 0 0 
0 0 0 0 0 0 0 0 0 0 0 0 0 0 0 0 0 0 0 0 

Step 3
0 0 0 0 0 0 0 0 0 0 0 0 0 0 0 0 0 0 0 0 
0 0 0 0 0 0 0 2.65311e-28 4.93171e-21 1.47244e-08 7.10134e-09 1.47244e-08 3.55121e-18 3.47385e-24 0 0 0 0 0 0 
0 0 0 0 0 0 2.80587e-27 3.83966e-20 6.62596e-08 6.39114e-08 2.01994e-07 6.39144e-08 6.62602e-08 1.98735e-17 1.39462e-23 0 0 0 0 0 
0 0 0 0 0 9.11707e-27 7.3722e-14 1.76693e-07 2.55645e-07 1.1006e-06 8.02864e-07 1.10065e-06 2.55667e-07 1.76695e-07 5.93746e-17 3.20875e-23 0 0 0 0 
0 0 0 0 1.3748e-26 2.46355e-19 3.09212e-07 5.96502e-07 3.29992e-06 3.89434e-06 7.10332e-06 3.89507e-06 3.30023e-06 5.96575e-07 3.09217e-07 1.08339e-16 4.65926e-23 0 0 0 
0 0 0 1.06527e-26 2.53529e-19 3.71055e-07 8.94748e-07 6.15809e-06 1.0149e-05 2.39199e-05 2.224e-05 2.39237e-05 1.01532e-05 6.159e-06 8.94888e-07 3.71062e-07 1.27757e-16 9.13316e-23 1.10319e-28 0 
0 4.91665e-34 4.12439e-27 1.44556e-19 3.09212e-07 8.94745e-07 7.54298e-06 1.602e-05 4.77033e-05 6.43382e-05 8.97138e-05 6.43627e-05 4.77209e-05 1.60304e-05 7.54445e-06 8.94912e-07 3.09219e-07 2.94994e-13 1.50708e-18 0 
0 1.14496e-26 4.14519e-20 1.76692e-07 5.96494e-07 6.15804e-06 1.60198e-05 5.97041e-05 0.000106777 0.000191924 0.000203785 0.000191998 0.000106865 5.97383e-05 1.60335e-05 6.15947e-06 5.96624e-07 1.76697e-07 1.53771e-12 0 
0 3.51056e-14 6.62596e-08 2.55641e-07 3.29988e-06 1.01486e-05 4.77017e-05 0.000106771 0.000246011 0.000355222 0.000435434 0.000355433 0.000246217 0.000106904 4.77362e-05 1.01589e-05 3.30071e-06 2.55708e-07 6.62622e-08 0 
0 1.47244e-08 6.39104e-08 1.10058e-06 3.89413e-06 2.39185e-05 6.43288e-05 0.0001919 0.000355172 0.000570547 0.000641989 0.000570915 0.000355597 0.000192123 6.44267e-05 2.39367e-05 3.89826e-06 1.10085e-06 6.39252e-08 0 
0 7.10142e-09 2.01992e-07 8.02813e-07 7.10282e-06 2.22351e-05 8.96943e-05 0.000203704 0.000435282 0.000641804 0.000756711 0.00064228 0.000435791 0.000204029 8.98004e-05 2.22691e-05 7.10725e-06 8.03646e-07 2.0055e-07 0 
0 1.47244e-08 6.3911e-08 1.10058e-06 3.89409e-06 2.39182e-05 6.43274e-05 0.000191895 0.000355163 0.000570538 0.000641989 0.000570925 0.000355607 0.000192128 6.44282e-05 2.3937e-05 3.8984e-06 1.10088e-06 6.39382e-08 0 
0 2.36962e-14 6.62596e-08 2.5564e-07 3.29985e-06 1.01484e-05 4.77006e-05 0.000106767 0.000246002 0.000355213 0.000435435 0.000355444 0.000246226 0.000106909 4.77375e-05 1.01591e-05 3.30075e-06 2.55734e-07 6.62597e-08 0 
0 0 4.21267e-14 1.76692e-07 5.9649e-07 6.15797e-06 1.60194e-05 5.97022e-05 0.000106772 0.000191919 0.000203785 0.000192004 0.000106871 5.97404e-05 1.60341e-05 6.15956e-06 5.96631e-07 1.76698e-07 1.01109e-12 0 
0 0 0 0 3.09211e-07 8.94735e-07 7.54287e-06 1.60196e-05 4.7702e-05 6.43366e-05 8.97139e-05 6.43647e-05 4.77224e-05 1.6031e-05 7.54458e-06 8.94928e-07 3.0922e-07 5.89888e-13 2.16646e-22 0 
0 0 0 0 0 3.71053e-07 8.94737e-07 6.158e-06 1.01488e-05 2.39196e-05 2.224e-05 2.39241e-05 1.01536e-05 6.1591e-06 8.94906e-07 3.71063e-07 1.28424e-16 4.42406e-23 3.68239e-37 0 
0 0 0 0 0 0 3.09211e-07 5.96494e-07 3.29988e-06 3.89429e-06 7.10332e-06 3.89513e-06 3.30027e-06 5.96584e-07 3.09219e-07 1.08947e-16 4.66501e-23 8.8553e-37 0 0 
0 0 0 0 0 0 0 1.76692e-07 2.55643e-07 1.10059e-06 8.02864e-07 1.10065e-06 2.55668e-07 1.76695e-07 5.96786e-17 3.21304e-23 1.13394e-36 0 0 0 
0 0 0 0 0 0 0 0 6.62596e-08 6.39113e-08 2.00522e-07 6.39145e-08 6.62603e-08 1.9944e-17 1.39636e-23 8.15386e-37 0 0 0 0 
0 0 0 0 0 0 0 0 0 0 0 0 0 0 0 0 0 0 0 0 

Step 4
0 0 0 0 0 0 0 0 0 0 0 0 0 0 0 0 0 0 0 0 
0 0 0 2.80202e-28 5.63074e-21 7.20622e-09 1.43039e-08 9.67282e-08 1.31853e-07 3.3e-07 2.65902e-07 3.30025e-07 1.31885e-07 9.67369e-08 1.43056e-08 7.20633e-09 2.29534e-18 9.59678e-25 8.10497e-41 0 
0 0 3.55433e-28 8.38064e-21 1.08093e-08 2.57469e-08 2.07975e-07 3.63048e-07 1.10842e-06 1.26416e-06 1.93693e-06 1.26442e-06 1.10862e-06 3.63185e-07 2.08001e-07 2.57507e-08 1.08095e-08 3.49416e-18 1.24974e-24 0 
0 2.99488e-28 2.94532e-15 1.23535e-08 3.43291e-08 3.22671e-07 6.88901e-07 2.50008e-06 3.73871e-06 6.96911e-06 6.55812e-06 6.9703e-06 3.74038e-06 2.50083e-06 6.89258e-07 3.2272e-07 3.4335e-08 1.23538e-08 2.35667e-14 0 
0 2.57714e-15 1.08093e-08 3.43291e-08 3.72846e-07 9.4214e-07 4.01841e-06 7.47901e-06 1.67495e-05 2.09944e-05 2.71783e-05 2.1001e-05 1.67563e-05 7.48433e-06 4.02008e-06 9.42756e-07 3.72913e-07 3.43373e-08 1.081e-08 0 
0 7.20624e-09 2.57471e-08 3.2267e-07 9.42134e-07 4.69731e-06 1.04939e-05 2.79613e-05 4.42792e-05 6.95209e-05 7.20291e-05 6.95427e-05 4.43094e-05 2.79796e-05 1.05041e-05 4.69977e-06 9.42874e-07 3.22746e-07 2.57823e-08 0 
0 1.43053e-08 2.07974e-07 6.88888e-07 4.01835e-06 1.04937e-05 3.30974e-05 6.37826e-05 0.000120632 0.000159666 0.000187671 0.000159736 0.000120717 6.38508e-05 3.31271e-05 1.05064e-05 4.02081e-06 6.89733e-07 2.04549e-07 0 
0 9.67317e-08 3.63039e-07 2.50001e-06 7.47852e-06 2.79598e-05 6.37791e-05 0.000144661 0.000235995 0.000337501 0.000368592 0.000337665 0.000236217 0.000144821 6.38702e-05 2.79903e-05 7.48926e-06 2.50086e-06 3.59045e-07 0 
0 1.3186e-07 1.10838e-06 3.73831e-06 1.67479e-05 4.4272e-05 0.000120616 0.00023597 0.0004098 0.000557109 0.000623569 0.000557428 0.000410222 0.000236305 0.000120788 4.43479e-05 1.67676e-05 3.74531e-06 1.07816e-06 0 
0 3.2999e-07 1.26403e-06 6.96822e-06 2.09891e-05 6.95041e-05 0.000159616 0.000337411 0.000557004 0.000764593 0.000854294 0.000765076 0.000557649 0.000337912 0.000159902 6.96143e-05 2.1028e-05 6.96718e-06 1.23287e-06 0 
0 2.65979e-07 1.93678e-06 6.55618e-06 2.71699e-05 7.19941e-05 0.000187581 0.000368396 0.000623287 0.000854052 0.000941875 0.00085461 0.000624042 0.000368994 0.000187904 7.21404e-05 2.72214e-05 6.58333e-06 1.86926e-06 0 
0 3.2998e-07 1.26424e-06 6.96827e-06 2.09887e-05 6.95025e-05 0.000159611 0.000337402 0.000556992 0.000764583 0.000854294 0.000765087 0.000557662 0.000337921 0.000159907 6.96194e-05 2.10434e-05 6.97957e-06 1.23468e-06 0 
0 1.31845e-07 1.1084e-06 3.73832e-06 1.67475e-05 4.42701e-05 0.000120611 0.000235959 0.000409785 0.000557096 0.000623569 0.000557441 0.000410238 0.000236316 0.000120793 4.43515e-05 1.67729e-05 3.75185e-06 1.07517e-06 0 
0 9.67174e-08 3.63051e-07 2.49997e-06 7.47821e-06 2.79586e-05 6.37755e-05 0.000144653 0.000235984 0.000337492 0.000368593 0.000337675 0.00023623 0.000144829 6.38741e-05 2.7992e-05 7.49114e-06 2.50143e-06 3.58327e-07 0 
0 1.43034e-08 2.07972e-07 6.88872e-07 4.01824e-06 1.04932e-05 3.30958e-05 6.37789e-05 0.000120626 0.000159661 0.000187671 0.000159742 0.000120723 6.38549e-05 3.31288e-05 1.0507e-05 4.02109e-06 6.89901e-07 2.04251e-07 0 
0 7.20614e-09 2.57467e-08 3.22666e-07 9.42108e-07 4.69717e-06 1.04934e-05 2.79601e-05 4.42772e-05 6.95192e-05 7.20292e-05 6.95446e-05 4.43117e-05 2.7981e-05 1.05047e-05 4.69993e-06 9.42931e-07 3.22741e-07 2.57495e-08 0 
0 6.44284e-15 1.08093e-08 3.43288e-08 3.72841e-07 9.42114e-07 4.0183e-06 7.4787e-06 1.67487e-05 2.09937e-05 2.71774e-05 2.10013e-05 1.67565e-05 7.48469e-06 4.02021e-06 9.42784e-07 3.72919e-07 3.43387e-08 1.08087e-08 0 
0 0 0 1.23535e-08 3.43288e-08 3.22667e-07 6.88883e-07 2.49872e-06 3.73705e-06 6.96189e-06 6.55369e-06 6.96328e-06 3.73893e-06 2.49958e-06 6.89277e-07 3.22725e-07 3.43353e-08 1.23538e-08 2.35665e-14 0 
0 0 0 0 1.08093e-08 2.57467e-08 2.0437e-07 3.57319e-07 1.07612e-06 1.23232e-06 1.87223e-06 1.2326e-06 1.07635e-06 3.57471e-07 2.044e-07 2.57509e-08 1.08096e-08 3.51242e-18 1.25112e-24 0 
0 0 0 0 0 0 0 0 0 0 0 0 0 0 0 0 0 0 0 0 

Step 5
0 0 0 0 0 0 0 0 0 0 0 0 0 0 0 0 0 0 0 0 
0 3.19729e-10 9.82297e-10 1.15465e-08 2.89021e-08 1.39728e-07 2.69503e-07 7.17087e-07 1.00237e-06 1.63132e-06 1.55334e-06 1.63159e-06 1.00278e-06 7.17348e-07 2.69668e-07 1.39773e-07 2.89173e-08 1.15482e-08 9.82416e-10 0 
0 9.82285e-10 1.31533e-08 3.73255e-08 2.07269e-07 4.65579e-07 1.43753e-06 2.42181e-06 4.62886e-06 5.53215e-06 6.8647e-06 5.53357e-06 4.63059e-06 2.42338e-06 1.43826e-06 4.65939e-07 2.07349e-07 3.7352e-08 1.28639e-08 0 
0 1.15457e-08 3.73261e-08 2.33741e-07 6.00732e-07 2.11586e-06 4.196e-06 9.27961e-06 1.35104e-05 1.96472e-05 2.00189e-05 1.96522e-05 1.3518e-05 9.28532e-06 4.19978e-06 2.11727e-06 6.01352e-07 2.33646e-07 3.65564e-08 0 
0 2.88986e-08 2.07269e-07 6.00739e-07 2.40324e-06 5.49916e-06 1.39766e-05 2.41576e-05 4.09234e-05 5.10797e-05 5.88672e-05 5.10971e-05 4.0947e-05 2.41791e-05 1.39887e-05 5.50558e-06 2.40536e-06 6.01598e-07 1.9945e-07 0 
0 1.39741e-07 4.65689e-07 2.11589e-06 5.49905e-06 1.60034e-05 3.21815e-05 6.31673e-05 9.42549e-05 0.000127241 0.00013551 0.000127287 9.43242e-05 6.32257e-05 3.22208e-05 1.60215e-05 5.50812e-06 2.11732e-06 4.59314e-07 0 
0 2.70128e-07 1.43788e-06 4.19591e-06 1.39759e-05 3.21798e-05 7.29258e-05 0.000127595 0.000201054 0.000257179 0.000283648 0.000257291 0.000201215 0.000127741 7.30181e-05 3.22298e-05 1.39955e-05 4.23629e-06 1.4324e-06 0 
0 7.19324e-07 2.42143e-06 9.27856e-06 2.41539e-05 6.31599e-05 0.000127584 0.00023397 0.000353319 0.000457286 0.000498957 0.000457505 0.00035364 0.000234259 0.000127779 6.3251e-05 2.42063e-05 9.39661e-06 2.62782e-06 0 
0 1.00039e-06 4.62641e-06 1.35064e-05 4.09136e-05 9.4231e-05 0.000201013 0.000353271 0.00053587 0.000693594 0.000747893 0.000693952 0.000536405 0.000353757 0.000201336 9.43822e-05 4.09703e-05 1.39535e-05 4.83323e-06 0 
0 1.62793e-06 5.53884e-06 1.96461e-05 5.10624e-05 0.000127191 0.000257079 0.000457139 0.00069346 0.000880775 0.000971159 0.000881273 0.000694185 0.00045781 0.000257528 0.000127385 5.11374e-05 1.9201e-05 4.9698e-06 0 
0 1.57403e-06 6.8889e-06 2.00357e-05 5.88423e-05 0.000135428 0.00028348 0.00049868 0.000747556 0.00097091 0.00103975 0.000971459 0.000748383 0.000499431 0.000284016 0.00013599 6.02674e-05 2.18677e-05 5.10293e-06 0 
0 1.62299e-06 5.56826e-06 1.96651e-05 5.10656e-05 0.000127189 0.000257073 0.000457129 0.000693448 0.000880767 0.000971159 0.000881282 0.000694197 0.000457822 0.000257561 0.00012776 5.26614e-05 2.0804e-05 4.1299e-06 0 
0 9.95083e-07 4.63383e-06 1.35176e-05 4.09141e-05 9.42269e-05 0.000201004 0.000353257 0.000535853 0.000693583 0.000747894 0.000693965 0.000536422 0.000353772 0.00020136 9.45423e-05 4.16211e-05 1.45701e-05 3.89705e-06 0 
0 7.13619e-07 2.42328e-06 9.27911e-06 2.41528e-05 6.31564e-05 0.000127576 0.000233957 0.000353305 0.000457276 0.000498958 0.000457516 0.000353656 0.000234271 0.000127792 6.33087e-05 2.44152e-05 9.48276e-06 2.37199e-06 0 
0 2.69253e-07 1.43733e-06 4.19552e-06 1.3975e-05 3.21777e-05 7.29214e-05 0.000127587 0.000201045 0.000257173 0.000283649 0.000257298 0.000201225 0.000127749 7.30226e-05 3.22423e-05 1.4024e-05 4.25178e-06 1.28819e-06 0 
0 1.39696e-07 4.65543e-07 2.11573e-06 5.4987e-06 1.60025e-05 3.21793e-05 6.31631e-05 9.42498e-05 0.000127235 0.000135509 0.000127289 9.43284e-05 6.32289e-05 3.22229e-05 1.60219e-05 5.51205e-06 2.11242e-06 4.42629e-07 0 
0 2.89091e-08 2.07268e-07 6.00703e-07 2.40301e-06 5.49858e-06 1.39738e-05 2.41532e-05 4.0912e-05 5.10687e-05 5.88509e-05 5.10888e-05 4.09391e-05 2.41776e-05 1.39875e-05 5.50558e-06 2.40504e-06 6.01316e-07 1.98248e-07 0 
0 1.15468e-08 3.73258e-08 2.33526e-07 6.00206e-07 2.11113e-06 4.18725e-06 9.24749e-06 1.34685e-05 1.95651e-05 1.99496e-05 1.95709e-05 1.34772e-05 9.25404e-06 4.1915e-06 2.1127e-06 6.00846e-07 2.33445e-07 3.65827e-08 0 
0 9.82293e-10 1.28655e-08 3.65389e-08 1.99015e-07 4.47683e-07 1.36131e-06 2.29887e-06 4.34536e-06 5.21561e-06 6.42498e-06 5.21718e-06 4.3473e-06 2.3006e-06 1.36212e-06 4.48076e-07 1.99106e-07 3.65679e-08 1.25802e-08 0 
0 0 0 0 0 0 0 0 0 0 0 0 0 0 0 0 0 0 0 0 

Step 6
0 0 0 0 0 0 0 0 0 0 0 0 0 0 0 0 0 0 0 0 
0 8.10785e-09 2.40413e-08 1.03683e-07 2.3964e-07 6.74203e-07 1.22187e-06 2.36964e-06 3.25821e-06 4.47084e-06 4.52664e-06 4.47181e-06 3.25976e-06 2.37098e-06 1.22286e-06 6.74662e-07 2.39843e-07 1.03363e-07 2.28646e-08 0 
0 2.40306e-08 1.20908e-07 3.1309e-07 9.956e-07 2.05331e-06 4.53235e-06 7.2327e-06 1.13806e-05 1.36448e-05 1.55155e-05 1.36485e-05 1.1386e-05 7.23809e-06 4.53586e-06 2.05539e-06 9.96267e-07 3.12736e-07 1.10694e-07 0 
0 1.03281e-07 3.13025e-07 1.11247e-06 2.58178e-06 6.40955e-06 1.1716e-05 2.0934e-05 2.93037e-05 3.81368e-05 3.98843e-05 3.81478e-05 2.93209e-05 2.095e-05 1.17281e-05 6.4171e-06 2.59473e-06 1.10983e-06 2.71723e-07 0 
0 2.37504e-07 9.95463e-07 2.58358e-06 7.18059e-06 1.48512e-05 2.99815e-05 4.83144e-05 7.16727e-05 8.77593e-05 9.61631e-05 8.7789e-05 7.17178e-05 4.83592e-05 3.00146e-05 1.48927e-05 7.27685e-06 2.73322e-06 8.63417e-07 0 
0 6.72292e-07 2.07523e-06 6.42387e-06 1.48551e-05 3.37711e-05 6.19083e-05 0.000104311 0.000147606 0.000184967 0.000197813 0.000185035 0.000147712 0.000104415 6.20023e-05 3.39872e-05 1.55296e-05 7.45145e-06 3.11758e-06 0 
0 1.36352e-06 4.62864e-06 1.1753e-05 2.99988e-05 6.19059e-05 0.000118144 0.00019111 0.000273225 0.000338526 0.000362653 0.000338662 0.000273439 0.000191326 0.000118415 6.24714e-05 3.14501e-05 1.8133e-05 5.42944e-05 0 
0 2.98655e-06 7.22774e-06 2.09396e-05 4.8293e-05 0.000104299 0.00019109 0.000311026 0.000442287 0.000542238 0.000587066 0.000542478 0.000442659 0.00031142 0.000191535 0.000104518 4.91607e-05 2.09875e-05 2.14517e-05 0 
0 2.28203e-06 1.09245e-05 2.91583e-05 7.15812e-05 0.000147547 0.00027316 0.000442225 0.00061984 0.000772288 0.000817672 0.000772643 0.000620406 0.000442812 0.000273579 0.000145667 5.26685e-05 3.40064e-05 1.05133e-07 0 
0 3.41117e-06 1.44484e-05 3.87022e-05 8.79892e-05 0.000184876 0.000338386 0.000542061 0.000772145 0.000937316 0.00102022 0.000937781 0.000772858 0.000542762 0.000338385 0.000179446 7.21349e-05 4.47835e-06 6.21418e-08 0 
0 5.54304e-06 1.85339e-05 4.25014e-05 9.65944e-05 0.000197721 0.000362426 0.000586751 0.000817329 0.00101999 0.00107605 0.00102049 0.000818129 0.000587545 0.000364349 0.000216631 0.000132853 9.14906e-06 3.63368e-08 0 
0 1.78357e-06 1.58708e-05 4.03563e-05 8.82656e-05 0.000184891 0.000338378 0.000542051 0.000772135 0.00093731 0.00102022 0.000937785 0.000772858 0.000542784 0.000339687 0.000209506 0.000146661 1.19476e-05 1.45971e-06 0 
0 1.78449e-06 1.14504e-05 2.99808e-05 7.16943e-05 0.00014756 0.000273151 0.000442211 0.000619826 0.000772278 0.000817672 0.000772651 0.000620413 0.00044276 0.000274443 0.000156765 0.000112796 6.18108e-06 2.1172e-07 0 
0 1.83811e-06 7.18231e-06 2.09198e-05 4.83072e-05 0.00010429 0.000191081 0.000311013 0.000442273 0.000542228 0.000587066 0.000542487 0.000442668 0.000311398 0.000191729 0.000109179 6.72539e-05 1.92751e-05 1.4761e-07 0 
0 1.18649e-06 4.50941e-06 1.17155e-05 2.99762e-05 6.19012e-05 0.000118136 0.000191099 0.000273212 0.000338517 0.000362649 0.000338667 0.000273446 0.000191326 0.000118268 6.30184e-05 3.31704e-05 1.21079e-05 1.27857e-08 0 
0 6.74833e-07 2.05664e-06 6.41063e-06 1.48501e-05 3.37671e-05 6.19013e-05 0.000104297 0.00014759 0.000184945 0.000197798 0.000185022 0.000147708 0.00010441 6.19782e-05 3.37601e-05 1.52503e-05 5.72248e-06 6.08819e-07 0 
0 2.43587e-07 9.97394e-07 2.5819e-06 7.17665e-06 1.48431e-05 2.99575e-05 4.82782e-05 7.16038e-05 8.76851e-05 9.60682e-05 8.77189e-05 7.16549e-05 4.83284e-05 2.99917e-05 1.48579e-05 7.17605e-06 2.53577e-06 7.4312e-07 0 
0 1.03641e-07 3.12509e-07 1.10683e-06 2.56852e-06 6.36307e-06 1.16335e-05 2.075e-05 2.90598e-05 3.77707e-05 3.95354e-05 3.77833e-05 2.90794e-05 2.07682e-05 1.16471e-05 6.37022e-06 2.57347e-06 1.11365e-06 3.0146e-07 0 
0 2.29014e-08 1.13214e-07 2.93336e-07 9.18641e-07 1.89623e-06 4.13731e-06 6.61389e-06 1.03202e-05 1.24148e-05 1.40387e-05 1.24188e-05 1.03261e-05 6.61963e-06 4.14108e-06 1.89866e-06 9.19682e-07 2.94141e-07 1.07108e-07 0 
0 0 0 0 0 0 0 0 0 0 0 0 0 0 0 0 0 0 0 0 

Step 7
0 0 0 0 0 0 0 0 0 0 0 0 0 0 0 0 0 0 0 0 
0 4.97587e-08 1.37276e-07 4.03753e-07 8.55408e-07 1.8766e-06 3.19006e-06 5.28282e-06 7.06853e-06 8.90679e-06 9.22993e-06 8.90893e-06 7.07204e-06 5.28628e-06 3.19267e-06 1.89841e-06 8.00034e-07 2.61817e-07 9.98342e-08 0 
0 1.36676e-07 4.82446e-07 1.13472e-06 2.77168e-06 5.27162e-06 9.78395e-06 1.48231e-05 2.10377e-05 2.49632e-05 2.72097e-05 2.497e-05 2.10484e-05 1.48339e-05 9.84591e-06 5.81439e-06 7.33956e-07 6.59546e-08 1.83074e-08 0 
0 3.23898e-07 1.09144e-06 3.0692e-06 6.50442e-06 1.34203e-05 2.284e-05 3.62673e-05 4.89027e-05 5.99479e-05 6.31501e-05 5.99652e-05 4.89297e-05 3.63371e-05 2.4931e-05 7.06365e-06 5.05133e-07 3.82438e-09 2.58716e-10 0 
0 3.77127e-07 2.53627e-06 6.63913e-06 1.48632e-05 2.82045e-05 4.99151e-05 7.58509e-05 0.000104252 0.00012501 0.00013356 0.000125049 0.000104307 7.66863e-05 5.44038e-05 1.12948e-05 9.00288e-06 5.64293e-06 2.77549e-09 0 
0 4.68082e-07 7.59053e-06 1.51252e-05 2.86713e-05 5.54905e-05 9.43225e-05 0.00014497 0.000196386 0.000235711 0.000251298 0.000235787 0.000196722 0.000142939 6.39539e-05 5.98211e-05 2.77064e-07 1.08486e-09 1.0842e-09 0 
0 3.43088e-05 3.30707e-05 2.79095e-05 5.24271e-05 9.45161e-05 0.00016175 0.000245912 0.000330997 0.000399258 0.000421223 0.000399422 0.000331826 0.000254815 0.000237298 0.000129554 2.77549e-09 1.08486e-09 1.0842e-09 0 
0 0.00313639 1.30991e-05 3.59574e-05 7.41641e-05 0.000145514 0.0002459 0.000370553 0.000502902 0.000596135 0.000639802 0.000596377 0.000506809 0.000402789 0.000488189 3.60694e-05 2.77549e-09 2.77549e-09 2.77549e-09 0 
0 2.62512e-09 5.45372e-07 2.55162e-05 9.5462e-05 0.000194526 0.000330902 0.000502838 0.000669152 0.000809371 0.000848277 0.000809241 0.000670969 0.000468777 0.000137828 3.94158e-05 2.56911e-10 2.77549e-09 1.08486e-09 0 
0 6.74525e-09 6.7632e-08 5.92614e-05 0.000135773 0.000234535 0.000398881 0.000595916 0.000809231 0.000953811 0.00102664 0.000953852 0.000795112 0.000515344 7.63508e-05 4.98023e-06 2.77549e-09 1.08486e-09 1.08486e-09 0 
0 1.44736e-09 3.90963e-07 5.42424e-05 0.000166794 0.000252462 0.000420968 0.000639398 0.000847942 0.00102643 0.00107356 0.00102678 0.000846768 0.000608991 0.000393751 0.000148916 1.00421e-10 1.00421e-10 1.00421e-10 0 
0 2.56719e-10 1.08486e-09 0.000166924 0.000186437 0.000247129 0.000398941 0.000596197 0.000809211 0.000953801 0.00102661 0.000954112 0.000809521 0.00059641 0.000420419 6.41301e-05 2.0752e-08 2.56719e-10 2.56719e-10 0 
0 2.77549e-09 3.31706e-09 0.000161662 0.000131016 0.00020003 0.000333523 0.000502549 0.000669136 0.000809358 0.00084825 0.000809583 0.000669282 0.000502854 0.000398363 0.000804978 1.44914e-09 2.56719e-10 2.56719e-10 0 
0 6.02634e-08 1.08766e-06 4.88543e-05 8.24818e-05 0.000148894 0.000246198 0.000370538 0.000502886 0.000596122 0.000639786 0.00059632 0.000502977 0.000370155 0.000278768 0.000333783 1.19831e-07 2.56719e-10 2.56719e-10 0 
0 3.32421e-06 3.70208e-06 2.34095e-05 5.11369e-05 9.53801e-05 0.000161763 0.000245895 0.000330973 0.000399237 0.000421202 0.000399369 0.00033112 0.000245688 0.000157395 0.000147938 2.01061e-08 2.56719e-10 1.08486e-09 0 
0 3.72362e-06 4.29774e-06 1.28537e-05 2.87389e-05 5.5509e-05 9.43e-05 0.000144922 0.000196325 0.000235629 0.000251225 0.000235712 0.000196431 0.000144928 9.32492e-05 4.57713e-05 6.68154e-06 1.06555e-07 1.08486e-09 0 
0 1.74266e-06 2.90118e-06 6.57241e-06 1.48876e-05 2.8166e-05 4.98118e-05 7.56977e-05 0.000104009 0.000124737 0.000133241 0.000124781 0.000104072 7.57398e-05 4.97685e-05 2.74681e-05 1.16133e-05 1.58526e-07 4.69425e-09 0 
0 4.6926e-07 1.16699e-06 3.07442e-06 6.43628e-06 1.32254e-05 2.2509e-05 3.56771e-05 4.81272e-05 5.89215e-05 6.21207e-05 5.89409e-05 4.8158e-05 3.57038e-05 2.2543e-05 1.33347e-05 7.45767e-06 9.46172e-06 6.98076e-06 0 
0 1.15749e-07 4.32056e-07 1.02105e-06 2.46293e-06 4.6831e-06 8.61704e-06 1.3068e-05 1.84327e-05 2.19232e-05 2.37996e-05 2.19301e-05 1.84435e-05 1.3079e-05 8.62552e-06 4.72287e-06 2.55988e-06 1.47857e-06 1.3303e-06 0 
0 0 0 0 0 0 0 0 0 0 0 0 0 0 0 0 0 0 0 0 

Step 8
0 0 0 0 0 0 0 0 0 0 0 0 0 0 0 0 0 0 0 0 
0 8.68999e-06 3.81107e-07 9.21768e-07 2.02366e-06 3.85273e-06 6.18595e-06 9.33051e-06 1.21422e-05 1.45741e-05 1.52277e-05 1.45235e-05 1.18516e-05 6.69808e-06 4.33171e-07 5.65694e-05 1.0778e-08 1.0778e-08 1.0778e-08 0 
0 6.88683e-06 2.22451e-07 1.50775e-06 5.84575e-06 1.02057e-05 1.69046e-05 2.44808e-05 3.26307e-05 3.81894e-05 4.06905e-05 3.82277e-05 3.16056e-05 1.8545e-05 0.000137866 4.56323e-09 1.0778e-08 1.0778e-08 4.56323e-09 0 
0 7.02036e-07 6.72371e-10 2.9072e-06 1.45281e-05 2.38876e-05 3.65775e-05 5.35294e-05 6.98742e-05 8.25897e-05 8.69921e-05 8.28162e-05 6.9005e-05 8.18933e-05 0.000701334 1.0778e-08 1.0778e-08 1.0778e-08 4.56323e-09 0 
0 1.57054e-09 4.55398e-09 1.66842e-05 0.000167593 5.17361e-05 7.21998e-05 0.000103449 0.000135226 0.000159058 0.000167498 0.000157989 7.36686e-06 5.23899e-07 1.0778e-08 4.55398e-09 1.57054e-09 4.54141e-09 4.54141e-09 0 
0 6.72371e-10 1.57054e-09 6.72371e-10 9.00596e-05 6.30328e-05 0.000123396 0.000180942 0.000237096 0.000276773 0.000292909 2.38396e-05 1.68435e-07 1.57054e-09 4.54141e-09 1.28656e-05 1.57287e-09 1.57287e-09 4.54141e-09 0 
0 1.12287e-07 1.0778e-08 6.04984e-06 2.75217e-05 8.82739e-06 0.000137237 0.000288729 0.00037378 0.000440933 0.000248825 6.09509e-07 7.79372e-09 1.57054e-09 2.51605e-07 1.57287e-09 4.56323e-09 4.56323e-09 4.56323e-09 0 
0 1.0778e-08 4.55398e-09 4.56323e-09 6.72371e-10 1.57054e-09 5.83544e-05 0.000479953 0.000540309 0.00062595 0.000659508 5.9542e-05 1.33685e-07 1.57214e-09 1.57054e-09 4.54141e-09 4.56323e-09 1.0778e-08 1.0778e-08 0 
0 6.72371e-10 1.57214e-09 6.72371e-10 1.57214e-09 2.9879e-07 7.3488e-06 0.000846241 0.0007533 0.000818834 0.000852596 0.000618229 2.14557e-06 1.75019e-07 6.72371e-10 4.54141e-09 1.0778e-08 1.0778e-08 1.0778e-08 0 
0 6.72371e-10 1.57054e-09 4.55398e-09 4.56323e-09 2.5356e-05 0.00130438 0.00087176 0.000818092 0.000945993 0.000950869 0.000310903 1.16068e-05 5.21183e-07 4.54141e-09 4.54141e-09 4.54141e-09 4.54141e-09 4.54141e-09 0 
0 1.57054e-09 1.57054e-09 1.57054e-09 1.0778e-08 3.7468e-07 0.000207341 0.000647276 0.000852531 0.0010081 0.00104963 0.000685904 1.16431e-06 1.60788e-08 6.60151e-09 1.57214e-09 6.72371e-10 6.72371e-10 6.72371e-10 0 
0 6.72371e-10 1.57054e-09 1.57054e-09 4.54141e-09 3.274e-07 4.56853e-06 0.00029489 0.00080134 0.000944859 0.00100779 0.000943866 0.000238064 9.42138e-07 4.06075e-07 1.67869e-07 1.57214e-09 1.57214e-09 1.57214e-09 0 
0 4.55398e-09 4.55398e-09 4.55398e-09 7.05833e-09 4.56323e-09 1.0829e-05 0.000161149 0.000623694 0.000818764 0.000852376 0.000817335 0.000687231 0.000102668 4.8422e-08 4.56323e-09 1.57214e-09 1.57214e-09 1.57214e-09 0 
0 1.57214e-09 1.0778e-08 1.0778e-08 1.08183e-07 3.98121e-08 8.65733e-06 0.000278803 0.000541974 0.000626111 0.000666148 0.000624888 0.000534481 0.000393867 4.55398e-09 1.57214e-09 1.57214e-09 1.57214e-09 1.57214e-09 0 
0 4.56323e-09 4.56323e-09 9.98665e-08 1.91914e-07 2.73845e-05 0.000155446 0.000291199 0.000374112 0.000441079 0.000461021 0.00044025 0.000369501 1.02419e-07 4.55398e-09 4.55398e-09 1.57214e-09 1.57214e-09 4.55398e-09 0 
0 4.54141e-09 4.56323e-09 1.57287e-09 0.000182431 0.000117495 0.000125593 0.000181376 0.000237117 0.00027665 0.000293383 0.00027644 5.85907e-06 3.86746e-06 4.54141e-09 1.0778e-08 1.57287e-09 1.57214e-09 4.55398e-09 0 
0 4.54141e-09 1.57287e-09 3.79906e-05 4.5522e-05 4.42263e-05 7.10518e-05 0.000103016 0.000134644 0.000158402 0.000166816 0.000158425 0.000134821 4.83764e-07 4.54141e-09 6.72371e-10 1.57214e-09 4.54141e-09 4.56323e-09 0 
0 3.83323e-07 1.13864e-06 7.95053e-06 1.3151e-05 2.21986e-05 3.54733e-05 5.21759e-05 6.81136e-05 8.04163e-05 8.478e-05 8.04328e-05 6.09317e-05 5.07707e-07 6.72371e-10 6.72371e-10 1.57054e-09 4.55398e-09 1.0778e-08 0 
0 1.57214e-09 6.51579e-07 2.4836e-06 4.95474e-06 8.66343e-06 1.43857e-05 2.08411e-05 2.76525e-05 3.2411e-05 3.44334e-05 3.24174e-05 2.76702e-05 1.57214e-09 1.57214e-09 1.57214e-09 1.57214e-09 1.0778e-08 4.54141e-09 0 
0 0 0 0 0 0 0 0 0 0 0 0 0 0 0 0 0 0 0 0 

Step 9
0 0 0 0 0 0 0 0 0 0 0 0 0 0 0 0 0 0 0 0 
0 1.3724e-08 1.3724e-08 2.6976e-08 7.62288e-08 1.22127e-08 2.34602e-07 1.06706e-05 1.80486e-05 2.08148e-05 1.93294e-05 3.43725e-07 3.44477e-08 2.6976e-08 2.45546e-09 2.6976e-08 5.22889e-09 5.22889e-09 2.6976e-08 0 
0 2.45546e-09 1.3724e-08 2.6976e-08 5.67912e-09 5.67912e-09 5.67912e-09 1.00308e-06 8.89564e-07 5.25593e-05 9.71135e-05 0.000408106 1.3724e-08 1.3724e-08 1.3724e-08 1.3724e-08 3.44477e-08 2.6976e-08 1.22127e-08 0 
0 2.45546e-09 1.3724e-08 2.6976e-08 5.22889e-09 5.67912e-09 3.44477e-08 3.44477e-08 8.86749e-05 0.000104554 0.000130504 7.42406e-06 1.66704e-07 1.3724e-08 1.3724e-08 3.44477e-08 2.6976e-08 2.6976e-08 1.22127e-08 0 
0 1.3724e-08 1.3724e-08 2.45546e-09 5.67912e-09 1.3724e-08 1.3724e-08 1.3724e-08 1.3724e-08 0.00016209 1.02007e-05 2.94768e-07 2.16095e-08 2.6976e-08 3.44477e-08 1.3724e-08 1.3724e-08 3.44477e-08 3.44477e-08 0 
0 2.45546e-09 1.40543e-08 1.3724e-08 2.45546e-09 2.6976e-08 2.6976e-08 2.6976e-08 8.88971e-06 0.000335553 5.10378e-07 8.27865e-08 1.18123e-07 0.000127524 5.23606e-07 1.3724e-08 5.67912e-09 5.67912e-09 3.44477e-08 0 
0 1.40543e-08 2.6976e-08 2.6976e-08 2.6976e-08 1.22127e-08 1.22127e-08 1.22127e-08 2.12632e-05 0.000426368 0.000542674 1.83007e-05 0.000188378 0.00162374 1.32238e-06 1.22127e-08 1.22127e-08 1.22127e-08 2.6976e-08 0 
0 2.6976e-08 1.40543e-08 1.22127e-08 5.67912e-09 3.44477e-08 5.67912e-09 5.67912e-09 2.22433e-05 0.000577078 3.80939e-06 3.3549e-07 3.44477e-08 6.67751e-05 1.40543e-08 2.6976e-08 1.22127e-08 2.6976e-08 2.6976e-08 0 
0 5.22889e-09 2.45546e-09 2.45546e-09 1.22127e-08 5.67912e-09 5.67912e-09 3.5085e-05 0.000417941 3.76571e-05 4.45423e-06 1.43051e-05 2.11782e-06 2.33338e-07 1.58386e-06 2.87425e-07 2.6976e-08 2.6976e-08 2.6976e-08 0 
0 2.45546e-09 2.45546e-09 2.45546e-09 2.45546e-09 3.28669e-08 6.51964e-06 0.000303622 0.00151757 0.00135466 1.71846e-07 3.53919e-07 5.14475e-07 3.5696e-05 1.3724e-08 3.44477e-08 3.44477e-08 3.44477e-08 3.44477e-08 0 
0 2.45546e-09 1.3724e-08 1.3724e-08 1.3724e-08 1.10412e-05 1.37883e-05 1.56963e-05 0.00091915 2.60735e-06 3.48239e-05 2.59831e-07 2.6991e-05 0.000222548 1.39721e-06 2.45546e-09 2.45546e-09 2.45546e-09 1.3724e-08 0 
0 2.45546e-09 1.3724e-08 1.3724e-08 1.3724e-08 1.40808e-06 1.88645e-07 2.41859e-05 2.44624e-05 0.00097505 6.98123e-07 0.000365866 0.000494747 0.000686333 3.44477e-08 2.45546e-09 5.22889e-09 5.22889e-09 1.40543e-08 0 
0 1.40543e-08 1.40543e-08 1.40543e-08 1.27308e-06 1.40543e-08 8.82754e-08 2.6976e-08 0.00238371 0.00144609 0.00035127 6.0121e-07 1.19413e-06 5.67912e-09 5.69276e-07 5.67912e-09 5.67912e-09 5.22889e-09 5.22889e-09 0 
0 1.22127e-08 2.6976e-08 2.6976e-08 2.6976e-08 5.22889e-09 1.40543e-08 1.54279e-07 2.78474e-05 3.75266e-05 2.45546e-09 1.98611e-07 3.44477e-08 2.77983e-06 1.22127e-08 5.22889e-09 5.67912e-09 5.22889e-09 5.22889e-09 0 
0 1.22127e-08 1.22127e-08 2.6976e-08 5.67912e-09 3.44477e-08 5.22889e-09 1.4651e-05 4.01158e-05 8.14121e-08 2.45546e-09 2.45546e-09 1.3724e-08 3.44477e-08 4.72562e-07 5.22889e-09 5.22889e-09 5.22889e-09 1.40543e-08 0 
0 3.44477e-08 5.67912e-09 5.67912e-09 3.44477e-08 1.40543e-08 1.3724e-08 6.63804e-07 2.93011e-07 6.68465e-07 2.45546e-09 2.45546e-09 3.44477e-08 1.3724e-08 1.3724e-08 3.44477e-08 5.22889e-09 1.40543e-08 1.40543e-08 0 
0 5.67912e-09 5.67912e-09 1.3724e-08 1.3724e-08 1.3724e-08 5.22889e-09 1.19777e-07 1.25058e-05 5.22889e-09 5.22889e-09 5.22889e-09 1.40543e-08 1.40543e-08 8.10411e-07 3.44477e-08 3.44477e-08 2.45546e-09 2.45546e-09 0 
0 3.44477e-08 5.22889e-09 3.44477e-08 1.40543e-08 1.3724e-08 1.3724e-08 3.58848e-06 5.22889e-09 5.22889e-09 5.22889e-09 3.44477e-08 1.40543e-08 5.22889e-09 5.22889e-09 2.45546e-09 2.45546e-09 2.45546e-09 2.45546e-09 0 
0 5.22889e-09 2.6976e-08 1.22127e-08 5.22889e-09 1.40543e-08 1.38255e-07 1.40543e-08 1.40543e-08 1.40543e-08 1.40543e-08 1.40543e-08 2.45546e-09 9.63029e-07 3.25667e-07 5.22889e-09 5.22889e-09 5.22889e-09 5.22889e-09 0 
0 0 0 0 0 0 0 0 0 0 0 0 0 0 0 0 0 0 0 0 

Step 10
0 0 0 0 0 0 0 0 0 0 0 0 0 0 0 0 0 0 0 0 
0 2.40107e-08 4.72991e-08 1.86571e-06 3.0542e-08 3.0542e-08 3.0542e-08 1.16032e-08 1.16032e-08 4.64786e-08 4.64786e-08 1.86571e-06 1.86571e-06 1.86571e-06 4.72991e-08 1.16032e-08 1.16032e-08 3.86131e-08 3.86131e-08 0 
0 1.16032e-08 2.40107e-08 4.64786e-08 1.86571e-06 2.09664e-08 3.0542e-08 3.0542e-08 3.0542e-08 1.16032e-08 4.64786e-08 4.64786e-08 4.72991e-08 4.72991e-08 9.27621e-08 1.16032e-08 3.86131e-08 3.86131e-08 1.86571e-06 0 
0 1.16032e-08 2.40107e-08 2.40107e-08 2.40107e-08 3.86131e-08 3.86131e-08 3.0542e-08 3.0542e-08 3.0542e-08 2.09664e-08 4.64786e-08 4.72991e-08 4.72991e-08 1.67925e-07 3.86131e-08 3.86131e-08 3.86131e-08 1.86571e-06 0 
0 2.40107e-08 2.40107e-08 2.40107e-08 3.86131e-08 4.64786e-08 4.64786e-08 2.40107e-08 3.0542e-08 3.0542e-08 2.09664e-08 4.64786e-08 4.64786e-08 2.09664e-08 2.09664e-08 2.09664e-08 2.09664e-08 4.64786e-08 4.64786e-08 0 
0 1.16032e-08 2.09664e-08 2.40107e-08 2.40107e-08 1.16032e-08 1.16032e-08 1.16032e-08 3.86131e-08 1.16032e-08 3.0542e-08 2.09664e-08 2.09664e-08 4.72991e-08 6.53239e-07 2.40107e-08 4.72991e-08 4.72991e-08 4.64786e-08 0 
0 2.09664e-08 3.86131e-08 3.86131e-08 2.40107e-08 4.64786e-08 1.16032e-08 1.16032e-08 4.72991e-08 2.40107e-08 3.86131e-08 2.09664e-08 2.40107e-08 2.40107e-08 6.29873e-07 1.86571e-06 1.86571e-06 1.86571e-06 3.86131e-08 0 
0 3.86131e-08 3.86131e-08 1.86571e-06 1.86571e-06 3.86131e-08 1.86571e-06 3.0542e-08 2.09664e-08 3.86131e-08 2.09664e-08 4.72991e-08 3.0542e-08 3.0542e-08 2.26139e-07 4.64786e-08 1.86571e-06 3.86131e-08 3.86131e-08 0 
0 3.0542e-08 3.0542e-08 1.16032e-08 1.86571e-06 1.86571e-06 3.86131e-08 2.09664e-08 2.09664e-08 3.0542e-08 2.09664e-08 8.23403e-08 1.16032e-08 6.24943e-07 4.75599e-07 1.16032e-08 3.86131e-08 3.86131e-08 1.86571e-06 0 
0 1.16032e-08 1.16032e-08 1.16032e-08 1.16032e-08 3.0542e-08 2.09664e-08 2.09664e-08 2.09664e-08 3.0542e-08 1.16032e-08 1.16032e-08 1.16032e-08 3.575e-07 4.64786e-08 3.86131e-08 3.86131e-08 4.64786e-08 4.72991e-08 0 
0 1.16032e-08 2.40107e-08 2.40107e-08 3.0542e-08 1.86571e-06 2.40107e-08 2.40107e-08 5.53315e-07 1.16032e-08 1.16032e-08 2.40107e-08 2.40107e-08 2.40107e-08 2.45017e-06 3.0542e-08 1.16032e-08 1.16032e-08 2.40107e-08 0 
0 1.16032e-08 2.40107e-08 2.40107e-08 2.40107e-08 3.0542e-08 1.65665e-07 2.40107e-08 2.40107e-08 1.16032e-08 3.0542e-08 2.09664e-08 2.09664e-08 1.45402e-06 7.40442e-07 4.64786e-08 3.86131e-08 3.0542e-08 2.09664e-08 0 
0 2.09664e-08 2.09664e-08 4.64786e-08 4.64786e-08 2.40107e-08 4.97644e-07 4.72991e-08 2.40107e-08 1.16032e-08 1.86571e-06 2.09664e-08 2.09664e-08 2.09664e-08 9.82379e-06 4.72991e-08 4.72991e-08 4.72991e-08 3.0542e-08 0 
0 1.86571e-06 3.86131e-08 3.86131e-08 3.86131e-08 1.16032e-08 8.48465e-07 1.86571e-06 1.20412e-05 2.40107e-08 2.09664e-08 2.09664e-08 2.09664e-08 0.000201855 7.27419e-06 3.0542e-08 4.72991e-08 4.72991e-08 3.0542e-08 0 
0 1.86571e-06 1.86571e-06 3.86131e-08 4.72991e-08 1.16032e-08 2.40107e-08 1.86571e-06 7.43663e-07 1.13125e-07 3.0542e-08 1.57286e-06 0.000183944 0.000261914 9.36099e-06 3.0542e-08 3.0542e-08 3.0542e-08 2.09664e-08 0 
0 4.64786e-08 4.72991e-08 4.72991e-08 2.40107e-08 2.40107e-08 2.09664e-08 2.09664e-08 3.0542e-08 1.16032e-08 1.19635e-05 0.000199413 0.000230368 0.000184173 6.51532e-06 4.64786e-08 2.09664e-08 2.09664e-08 2.09664e-08 0 
0 4.72991e-08 4.72991e-08 2.09664e-08 2.09664e-08 2.09664e-08 1.84096e-07 1.75091e-06 3.0542e-08 1.42951e-07 0.000191289 0.000170207 0.000148513 0.000115728 2.76376e-06 4.64786e-08 4.64786e-08 1.16032e-08 1.16032e-08 0 
0 4.72991e-08 2.09664e-08 2.09664e-08 1.86571e-06 3.86131e-08 3.86131e-08 3.86131e-08 1.86571e-06 2.67244e-07 2.86781e-07 9.78001e-05 8.5556e-05 8.16678e-05 1.39171e-06 3.0542e-08 1.16032e-08 1.16032e-08 1.16032e-08 0 
0 3.0542e-08 2.09664e-08 2.40107e-08 3.86131e-08 3.86131e-08 4.64786e-08 2.13392e-07 4.72991e-08 4.72991e-08 6.17354e-07 6.0364e-07 3.60398e-05 2.85862e-05 1.02578e-06 3.0542e-08 3.0542e-08 3.0542e-08 2.09664e-08 0 
0 0 0 0 0 0 0 0 0 0 0 0 0 0 0 0 0 0 0 0 

Step 11
0 0 0 0 0 0 0 0 0 0 0 0 0 0 0 0 0 0 0 0 
0 2.44545e-08 1.74563e-07 1.74563e-07 3.1743e-08 2.69797e-08 3.53147e-07 2.44545e-08 2.44545e-08 7.83706e-07 7.83706e-07 2.82467e-05 2.46592e-05 1.93135e-05 7.83706e-07 2.69797e-08 2.69797e-08 1.74563e-07 5.73533e-08 0 
0 2.69797e-08 2.44545e-08 2.29468e-08 1.74563e-07 2.81007e-08 3.1743e-08 3.1743e-08 6.18151e-07 6.18151e-07 6.49094e-05 6.15181e-05 5.24588e-05 4.21702e-05 1.23071e-06 2.69797e-08 5.73533e-08 5.73533e-08 1.74563e-07 0 
0 2.69797e-08 2.44545e-08 2.44545e-08 2.44545e-08 3.87134e-07 6.67738e-07 6.18151e-07 6.18151e-07 0.000105846 0.000109471 0.000102223 8.88417e-05 7.00397e-05 2.13799e-06 5.73533e-08 5.73533e-08 5.73533e-08 1.74563e-07 0 
0 3.1743e-08 2.44545e-08 2.44545e-08 5.73533e-08 3.1743e-08 2.81007e-08 6.18151e-07 0.000145231 0.000164834 0.000167469 0.000156518 0.000133688 0.0001085 4.38384e-06 3.1743e-08 3.1743e-08 2.44545e-08 2.44545e-08 0 
0 2.69797e-08 3.1743e-08 2.44545e-08 2.44545e-08 2.69797e-08 6.67738e-07 3.87134e-07 3.65025e-05 0.000240009 0.000244698 0.000225031 0.000195637 0.00015509 6.38477e-06 2.44545e-08 2.29468e-08 4.80949e-08 4.80949e-08 0 
0 2.44545e-08 5.73533e-08 5.73533e-08 2.44545e-08 3.1743e-08 6.67738e-07 2.81007e-08 3.87134e-07 6.60909e-05 0.000333877 0.000310799 0.000263882 0.000214586 8.79077e-06 1.74563e-07 1.74563e-07 2.29468e-08 5.73533e-08 0 
0 5.73533e-08 5.73533e-08 1.74563e-07 1.74563e-07 7.31122e-07 1.40007e-05 5.28833e-07 5.28833e-07 8.12323e-06 0.000381736 0.000394361 0.00034091 0.000268257 1.13604e-05 4.80949e-08 1.74563e-07 5.73533e-08 5.73533e-08 0 
0 2.81007e-08 2.81007e-08 2.81007e-08 1.74563e-07 2.69797e-08 3.53147e-07 2.69797e-08 2.85018e-07 4.13605e-05 0.000515628 0.000478014 0.000403525 0.000325038 9.53253e-06 2.69797e-08 5.73533e-08 5.73533e-08 1.74563e-07 0 
0 2.69797e-08 2.69797e-08 2.69797e-08 2.69797e-08 2.85018e-07 3.53147e-07 2.85018e-07 6.47305e-06 0.0005795 0.000584375 0.000533479 0.000461095 0.000363107 1.05401e-05 5.73533e-08 5.73533e-08 2.44545e-08 2.29468e-08 0 
0 2.69797e-08 2.44545e-08 2.44545e-08 2.81007e-08 2.8626e-06 7.06602e-06 5.18588e-05 0.000549099 0.000610363 0.000608788 0.000568417 0.000484093 0.000391328 1.61676e-05 2.81007e-08 2.69797e-08 2.69797e-08 2.44545e-08 0 
0 2.69797e-08 2.44545e-08 2.44545e-08 2.44545e-08 1.0359e-05 0.000320435 0.000436977 0.000538146 2.55018e-06 0.000600072 3.26457e-05 0.000484419 0.000385505 1.59665e-05 4.80949e-08 4.80949e-08 2.81007e-08 2.44545e-08 0 
0 5.73533e-08 3.1743e-08 4.80949e-08 4.80949e-08 1.44935e-05 6.67738e-07 0.000396236 3.1743e-08 1.16177e-06 9.24775e-06 1.445e-06 2.16318e-07 0.000360929 9.24775e-06 2.29468e-08 4.80949e-08 2.29468e-08 2.81007e-08 0 
0 1.74563e-07 5.73533e-08 5.73533e-08 3.1743e-08 2.81007e-08 6.71087e-07 2.81007e-08 3.1743e-08 2.81007e-08 7.83361e-06 2.29468e-08 4.80949e-08 5.29344e-07 8.50685e-06 2.81007e-08 2.29468e-08 2.29468e-08 1.74563e-07 0 
0 1.74563e-07 1.74563e-07 5.73533e-08 2.29468e-08 3.09175e-07 1.23271e-06 3.59054e-07 4.9999e-07 3.39226e-07 6.37852e-06 5.69075e-07 8.37863e-07 8.51796e-07 2.20426e-05 2.81007e-08 2.81007e-08 3.1743e-08 3.1743e-08 0 
0 4.80949e-08 4.80949e-08 2.29468e-08 2.44545e-08 3.1743e-08 3.05281e-07 2.69797e-08 2.44545e-08 2.69797e-08 5.91007e-06 1.74563e-07 5.73533e-08 3.11604e-07 6.83566e-06 4.80949e-08 3.1743e-08 3.1743e-08 4.80949e-08 0 
0 2.81007e-08 2.29468e-08 3.1743e-08 3.1743e-08 1.80746e-07 2.44545e-08 5.42562e-06 2.44545e-08 6.8568e-07 5.45445e-06 2.53441e-06 7.81743e-07 0.000229359 2.80741e-06 4.80949e-08 4.80949e-08 2.69797e-08 2.29468e-08 0 
0 2.29468e-08 3.1743e-08 3.1743e-08 2.29468e-08 2.69797e-08 5.1532e-05 3.3502e-05 6.88532e-05 3.90999e-05 9.409e-05 8.63201e-05 0.000105655 3.51882e-05 1.71356e-06 2.81007e-08 2.69797e-08 2.69797e-08 2.69797e-08 0 
0 2.81007e-08 3.1743e-08 2.69797e-08 2.44545e-08 6.80843e-07 2.59598e-05 2.94045e-06 3.7352e-05 4.04512e-05 4.11473e-05 4.69023e-05 1.31364e-05 1.59303e-05 1.27176e-06 2.81007e-08 2.81007e-08 2.81007e-08 3.1743e-08 0 
0 0 0 0 0 0 0 0 0 0 0 0 0 0 0 0 0 0 0 0 

Step 12
0 0 0 0 0 0 0 0 0 0 0 0 0 0 0 0 0 0 0 0 
0 4.06117e-08 6.75881e-08 6.75881e-08 4.06117e-08 8.37533e-07 1.42966e-05 1.84744e-05 2.30806e-05 2.67474e-05 2.95176e-05 2.97663e-05 2.65487e-05 2.10392e-05 8.37533e-07 2.10979e-08 2.10979e-08 6.75881e-08 4.69074e-08 0 
0 2.96584e-08 2.10979e-08 2.96584e-08 6.75881e-08 8.41014e-08 3.10351e-05 4.68703e-06 5.10239e-05 6.09203e-05 6.69453e-05 6.49458e-05 5.6506e-05 4.55155e-05 1.32606e-06 2.10979e-08 6.88678e-08 6.75881e-08 6.75881e-08 0 
0 2.10979e-08 2.83252e-08 2.83252e-08 2.83252e-08 2.21755e-06 5.35909e-05 7.05449e-05 9.12718e-05 0.000108573 0.000114097 0.000107549 9.46458e-05 7.49082e-05 2.21755e-06 6.88678e-08 6.88678e-08 6.88678e-08 6.75881e-08 0 
0 4.06117e-08 2.83252e-08 2.83252e-08 6.75881e-08 4.51699e-06 8.17816e-05 0.000111109 0.000144748 0.000168113 0.000171889 0.000163133 0.00014108 0.000113739 4.51699e-06 4.06117e-08 4.06117e-08 2.83252e-08 4.06117e-08 0 
0 2.10979e-08 4.06117e-08 2.83252e-08 2.83252e-08 4.68503e-06 0.000117637 0.000153374 0.000197021 0.000232224 0.00024472 0.000228878 0.000200977 0.000158806 6.41355e-06 4.06117e-08 2.96584e-08 4.69074e-08 4.69074e-08 0 
0 2.83252e-08 6.88678e-08 6.88678e-08 2.83252e-08 8.53028e-06 0.000156899 0.000205248 0.000248193 0.000294505 0.000320237 0.000307561 0.000265233 0.000213516 8.53028e-06 6.75881e-08 6.75881e-08 2.96584e-08 6.88678e-08 0 
0 6.88678e-08 6.88678e-08 6.75881e-08 6.75881e-08 1.08021e-05 0.000200905 0.000256088 0.000312832 0.000355697 0.000402489 0.000382507 0.000336203 0.000265027 1.08021e-05 4.69074e-08 6.75881e-08 6.88678e-08 6.88678e-08 0 
0 2.92219e-08 2.92219e-08 2.92219e-08 6.75881e-08 9.07516e-06 0.000235573 0.000309186 0.00037314 0.000440868 0.00047859 1.39066e-06 0.000394516 0.000317018 9.07516e-06 2.10979e-08 6.88678e-08 6.88678e-08 2.96584e-08 0 
0 2.10979e-08 2.10979e-08 2.10979e-08 2.10979e-08 9.98064e-06 0.0002677 0.000348953 0.000443355 0.000521084 4.06117e-08 1.39066e-06 2.92219e-08 0.000351271 9.98064e-06 6.88678e-08 6.88678e-08 2.83252e-08 6.75881e-08 0 
0 2.10979e-08 2.83252e-08 2.83252e-08 2.92219e-08 1.03428e-05 0.000286686 0.00039116 0.00049297 9.51725e-07 9.51725e-07 9.80285e-07 7.29799e-07 7.29799e-07 1.48941e-05 4.06117e-08 2.10979e-08 2.83252e-08 2.83252e-08 0 
0 2.10979e-08 2.83252e-08 2.83252e-08 4.69074e-08 1.00051e-05 0.000305055 0.000403661 0.000478492 0.000493446 1.47592e-05 1.48847e-05 1.32756e-05 0.000363169 1.47792e-05 4.69074e-08 4.69074e-08 2.92219e-08 2.96584e-08 0 
0 6.88678e-08 6.88678e-08 4.69074e-08 4.69074e-08 1.34881e-05 0.000262444 0.000358942 0.000399171 9.24706e-07 9.24331e-07 1.61671e-06 1.34966e-06 1.34966e-06 9.11376e-06 2.96584e-08 4.69074e-08 2.96584e-08 2.92219e-08 0 
0 6.75881e-08 6.88678e-08 6.88678e-08 4.06117e-08 7.73087e-06 0.000214207 0.000278126 0.000324736 0.000353295 6.75881e-08 2.78267e-06 6.88678e-08 0.000265189 7.73087e-06 2.92219e-08 6.75881e-08 2.96584e-08 6.75881e-08 0 
0 6.75881e-08 6.75881e-08 6.88678e-08 2.96584e-08 6.15412e-06 0.000165007 9.54986e-07 2.07579e-05 1.50748e-06 1.48557e-05 2.78095e-06 0.000250009 0.000211688 9.29142e-06 2.92219e-08 2.92219e-08 4.06117e-08 4.06117e-08 0 
0 4.69074e-08 4.69074e-08 2.96584e-08 2.83252e-08 6.96148e-06 4.03106e-07 4.06117e-08 4.44302e-07 2.96584e-08 4.69074e-08 4.18966e-07 0.000192116 0.000163672 6.96148e-06 4.69074e-08 4.06117e-08 4.06117e-08 4.69074e-08 0 
0 2.92219e-08 2.96584e-08 4.06117e-08 4.06117e-08 3.11423e-06 4.06117e-08 4.06117e-08 6.75881e-08 2.96584e-08 2.10979e-08 4.18221e-07 4.18766e-07 0.000127173 3.11423e-06 4.69074e-08 4.69074e-08 2.10979e-08 2.96584e-08 0 
0 2.92219e-08 4.06117e-08 4.06117e-08 2.96584e-08 2.92219e-08 4.06117e-08 2.92219e-08 6.75881e-08 2.96584e-08 2.96584e-08 2.83252e-08 2.83252e-08 4.18766e-07 1.89822e-06 2.92219e-08 2.10979e-08 2.10979e-08 2.10979e-08 0 
0 2.92219e-08 4.06117e-08 2.96584e-08 2.10979e-08 8.12233e-08 2.83252e-08 2.10979e-08 2.10979e-08 6.88678e-08 6.75881e-08 6.88678e-08 4.06117e-08 8.12233e-08 1.35064e-06 2.92219e-08 2.92219e-08 2.92219e-08 4.06117e-08 0 
0 0 0 0 0 0 0 0 0 0 0 0 0 0 0 0 0 0 0 0 

Step 13
0 0 0 0 0 0 0 0 0 0 0 0 0 0 0 0 0 0 0 0 
0 7.31801e-08 5.54475e-08 5.54475e-08 4.57405e-08 8.57078e-07 1.61818e-05 2.10149e-05 2.66469e-05 3.07885e-05 3.26996e-05 3.15952e-05 2.80822e-05 2.21509e-05 8.57078e-07 2.20949e-08 2.20949e-08 3.2704e-08 4.82118e-08 0 
0 3.31618e-08 2.20949e-08 3.31618e-08 5.54475e-08 1.35441e-06 3.45391e-05 2.63626e-06 5.74767e-05 6.69235e-05 7.02355e-05 6.78686e-05 5.94535e-05 4.7449e-05 1.35441e-06 2.20949e-08 7.31801e-08 5.54475e-08 5.54475e-08 0 
0 2.20949e-08 3.15753e-08 4.82118e-08 3.15753e-08 2.22028e-06 5.90975e-05 7.79804e-05 9.7881e-05 0.000111607 0.000117026 0.000111252 9.83256e-05 7.7267e-05 2.22028e-06 7.31801e-08 7.31801e-08 7.31801e-08 5.54475e-08 0 
0 7.31801e-08 3.15753e-08 3.15753e-08 5.54475e-08 4.40446e-06 8.81822e-05 0.000118035 0.000145429 0.000166465 0.000172522 0.000165831 0.000144434 0.000115134 4.40446e-06 4.57405e-08 4.57405e-08 3.15753e-08 4.57405e-08 0 
0 2.20949e-08 3.2704e-08 3.15753e-08 3.15753e-08 4.51955e-06 0.000122988 0.000161503 0.000199476 0.000226787 0.000238944 0.000227217 0.000201286 0.000157894 6.12782e-06 4.57405e-08 3.31618e-08 4.82118e-08 4.82118e-08 0 
0 3.15753e-08 7.31801e-08 7.31801e-08 3.15753e-08 7.952e-06 0.000159578 0.000210728 0.000255435 0.000293529 0.000307081 0.000296918 0.000259795 0.000207957 7.952e-06 5.54475e-08 5.54475e-08 3.31618e-08 7.31801e-08 0 
0 7.31801e-08 7.31801e-08 5.54475e-08 5.54475e-08 9.91058e-06 0.000199816 0.000259484 0.000317653 0.000358519 0.000378081 0.000354635 0.000320545 0.000253494 9.91058e-06 4.82118e-08 5.54475e-08 7.31801e-08 7.31801e-08 0 
0 3.2704e-08 5.54475e-08 3.2704e-08 5.54475e-08 8.45887e-06 0.000234719 0.000311001 0.000374769 0.000423518 0.000425603 0.000387346 0.000357092 0.000295676 8.45887e-06 2.20949e-08 7.31801e-08 5.54475e-08 2.20949e-08 0 
0 2.20949e-08 2.20949e-08 3.2704e-08 2.20949e-08 9.24375e-06 0.000267183 0.000350139 0.000424097 0.000456514 0.000438861 0.000398435 0.000366294 0.000311518 9.24375e-06 7.31801e-08 7.31801e-08 3.15753e-08 5.54475e-08 0 
0 2.20949e-08 2.20949e-08 3.15753e-08 3.2704e-08 9.62972e-06 0.000283152 0.000375891 0.000437886 0.000451074 0.000430616 0.0004077 0.000359646 0.000307377 1.33131e-05 4.57405e-08 2.20949e-08 7.31801e-08 3.15753e-08 0 
0 2.20949e-08 3.15753e-08 3.15753e-08 4.82118e-08 9.35113e-06 0.000284792 0.000368806 0.000435347 0.000447713 0.000425594 0.000386483 0.000358066 0.000309707 9.35113e-06 4.82118e-08 4.82118e-08 3.2704e-08 3.31618e-08 0 
0 4.82118e-08 4.82118e-08 4.82118e-08 4.82118e-08 1.21889e-05 0.00025596 0.000335013 0.000378579 0.000385424 0.0003652 0.000348878 0.000312248 1.70241e-05 8.63466e-06 3.31618e-08 4.82118e-08 4.82118e-08 3.31618e-08 0 
0 5.54475e-08 7.31801e-08 7.31801e-08 4.57405e-08 7.41263e-06 0.000215477 0.000270785 0.000318209 0.00032998 0.000316616 0.000293392 0.00027793 0.000244861 7.41263e-06 3.2704e-08 3.2704e-08 3.31618e-08 5.54475e-08 0 
0 5.54475e-08 5.54475e-08 7.31801e-08 3.31618e-08 6.02703e-06 0.000161812 0.000197064 0.000226803 0.000247561 0.000249031 0.000245328 0.000238959 0.000207832 8.68566e-06 3.2704e-08 3.2704e-08 4.57405e-08 4.57405e-08 0 
0 4.82118e-08 7.31801e-08 3.31618e-08 4.57405e-08 6.67248e-06 0.000112638 0.000137382 0.000162243 0.000177872 0.000186803 0.000186887 0.00018836 0.000160328 6.67248e-06 4.82118e-08 4.57405e-08 4.57405e-08 4.82118e-08 0 
0 3.2704e-08 4.82118e-08 4.57405e-08 4.57405e-08 3.18736e-06 7.60879e-05 9.52643e-05 0.000111839 0.000125761 0.000131727 1.41675e-05 0.000126745 0.000114722 3.18736e-06 4.82118e-08 4.82118e-08 3.31618e-08 3.31618e-08 0 
0 3.2704e-08 4.57405e-08 4.57405e-08 3.31618e-08 1.98059e-06 4.73232e-05 5.95557e-05 7.15437e-05 8.07386e-05 8.53062e-05 8.4334e-05 7.89205e-05 6.76807e-05 1.98059e-06 3.2704e-08 2.20949e-08 2.20949e-08 2.20949e-08 0 
0 4.57405e-08 4.57405e-08 3.31618e-08 2.20949e-08 9.44119e-07 2.24764e-05 2.89374e-05 3.50158e-05 3.97525e-05 4.21059e-05 4.14154e-05 3.78687e-05 3.19171e-05 1.38642e-06 3.2704e-08 3.2704e-08 3.2704e-08 4.57405e-08 0 
0 0 0 0 0 0 0 0 0 0 0 0 0 0 0 0 0 0 0 0 

Step 14
0 0 0 0 0 0 0 0 0 0 0 0 0 0 0 0 0 0 0 0 
0 7.46072e-08 5.38231e-08 5.38231e-08 4.85925e-08 8.49465e-07 1.72566e-05 2.23416e-05 2.83221e-05 3.24724e-05 3.43275e-05 3.29549e-05 2.92268e-05 2.29208e-05 8.49465e-07 2.36717e-08 2.36717e-08 2.36717e-08 4.84839e-08 0 
0 3.52056e-08 2.36717e-08 3.52056e-08 5.38231e-08 1.34092e-06 3.61967e-05 4.63972e-05 5.94818e-05 6.91994e-05 7.23226e-05 6.99952e-05 6.13649e-05 4.86287e-05 1.34092e-06 2.36717e-08 5.38231e-08 5.38231e-08 3.53313e-08 0 
0 2.36717e-08 3.32114e-08 3.52056e-08 3.32114e-08 2.16183e-06 6.13565e-05 8.01976e-05 9.98997e-05 0.000112897 0.000118358 0.000113001 0.000100032 7.82557e-05 2.16183e-06 7.46072e-08 7.46072e-08 7.46072e-08 5.38231e-08 0 
0 7.46072e-08 3.32114e-08 4.85925e-08 5.38231e-08 4.16725e-06 9.04068e-05 0.0001206 0.000146222 0.000165549 0.000171202 0.000165123 0.000144487 0.000114558 4.16725e-06 4.85925e-08 4.85925e-08 3.32114e-08 4.85925e-08 0 
0 2.36717e-08 2.36717e-08 3.32114e-08 3.32114e-08 4.25837e-06 0.000124287 0.000163752 0.000199425 0.000222663 0.000232514 0.000221858 0.000196864 0.000154208 5.69938e-06 4.85925e-08 3.52056e-08 4.84839e-08 3.32114e-08 0 
0 3.32114e-08 7.46072e-08 7.46072e-08 3.32114e-08 7.25598e-06 0.000159035 0.000211652 0.000253734 0.000285198 0.000294007 0.000283344 0.00024895 0.000198421 7.25598e-06 5.38231e-08 5.38231e-08 3.52056e-08 7.46072e-08 0 
0 7.46072e-08 7.46072e-08 5.38231e-08 5.38231e-08 8.92262e-06 0.000196329 0.000257511 0.000310606 0.000343088 0.000354487 0.000336696 0.000299827 0.000237158 8.92262e-06 4.84839e-08 5.38231e-08 7.46072e-08 7.46072e-08 0 
0 5.38231e-08 5.38231e-08 3.53313e-08 5.38231e-08 7.70266e-06 0.000228141 0.00030243 0.000358247 0.000394828 0.00039938 0.000379447 0.000335557 0.000270573 7.70266e-06 2.36717e-08 7.46072e-08 5.38231e-08 2.36717e-08 0 
0 2.36717e-08 2.36717e-08 5.38231e-08 2.36717e-08 8.37046e-06 0.000255523 0.000333406 0.000395046 0.000425462 0.000427486 0.000400591 0.000357559 0.000286979 8.37046e-06 7.46072e-08 7.46072e-08 3.32114e-08 5.38231e-08 0 
0 2.36717e-08 2.36717e-08 3.32114e-08 5.38231e-08 8.74044e-06 0.000266722 0.000350555 0.000406923 0.000436059 0.000430826 0.000406272 0.000357726 0.000291417 1.17132e-05 4.85925e-08 2.36717e-08 7.46072e-08 3.32114e-08 0 
0 2.36717e-08 2.36717e-08 2.36717e-08 4.84839e-08 8.51005e-06 0.000264451 0.000341192 0.000397839 0.00041965 0.000416798 0.000386808 0.000344535 0.000273733 8.51005e-06 4.84839e-08 4.84839e-08 3.53313e-08 3.52056e-08 0 
0 4.84839e-08 4.84839e-08 4.84839e-08 4.84839e-08 1.07991e-05 0.000239747 0.000311888 0.000357404 0.000380505 0.000373847 0.000352697 0.000306122 0.000240186 7.93217e-06 3.52056e-08 4.84839e-08 3.52056e-08 3.52056e-08 0 
0 5.38231e-08 7.46072e-08 7.46072e-08 4.85925e-08 6.87182e-06 0.00020429 0.000260564 0.000303049 0.000321141 0.000323102 0.000303978 0.000275183 0.000220778 6.87182e-06 3.53313e-08 3.53313e-08 3.52056e-08 5.38231e-08 0 
0 5.38231e-08 5.38231e-08 7.46072e-08 3.52056e-08 5.67439e-06 0.000159321 0.000204425 0.000235566 0.000256203 0.000258348 0.000251638 0.000229378 0.000191699 7.90351e-06 3.53313e-08 3.53313e-08 4.85925e-08 4.85925e-08 0 
0 4.84839e-08 7.46072e-08 3.52056e-08 4.85925e-08 6.19739e-06 0.000117719 0.000148606 0.000174247 0.000188715 0.0001956 0.000187888 0.000179713 0.000149787 6.19739e-06 4.84839e-08 4.85925e-08 4.85925e-08 4.84839e-08 0 
0 3.53313e-08 4.84839e-08 4.85925e-08 4.85925e-08 3.10837e-06 8.06389e-05 0.000102857 0.000119345 0.000132009 0.000133809 0.000128282 0.000124501 0.000108446 3.10837e-06 4.84839e-08 4.84839e-08 3.52056e-08 3.52056e-08 0 
0 3.53313e-08 4.85925e-08 4.85925e-08 3.52056e-08 1.96197e-06 5.04741e-05 6.36859e-05 7.53027e-05 8.28973e-05 8.68192e-05 8.38975e-05 8.11031e-05 6.83265e-05 1.96197e-06 3.53313e-08 2.36717e-08 2.36717e-08 2.36717e-08 0 
0 4.85925e-08 4.85925e-08 3.52056e-08 2.36717e-08 1.36189e-06 2.39706e-05 3.06741e-05 3.61325e-05 4.04559e-05 4.22205e-05 4.20127e-05 3.91383e-05 3.33608e-05 1.36189e-06 3.53313e-08 3.53313e-08 3.53313e-08 4.85925e-08 0 
0 0 0 0 0 0 0 0 0 0 0 0 0 0 0 0 0 0 0 0 

Step 15
0 0 0 0 0 0 0 0 0 0 0 0 0 0 0 0 0 0 0 0 
0 7.29811e-08 5.26611e-08 5.26611e-08 3.38617e-08 8.26204e-07 1.79148e-05 2.37761e-05 2.91489e-05 3.31192e-05 3.49334e-05 3.36637e-05 2.9884e-05 2.33554e-05 8.26204e-07 2.45038e-08 2.45038e-08 2.45038e-08 4.75183e-08 0 
0 4.75183e-08 3.61723e-08 3.60954e-08 5.26611e-08 1.7104e-06 3.79281e-05 5.04167e-05 6.15416e-05 6.99383e-05 7.305e-05 7.08343e-05 6.22049e-05 4.91006e-05 1.30374e-06 2.45038e-08 5.26611e-08 5.26611e-08 3.61723e-08 0 
0 2.45038e-08 3.38617e-08 5.26611e-08 3.38617e-08 2.07182e-06 6.21889e-05 8.24258e-05 0.000100375 0.000112658 0.000117898 0.000112941 0.000100025 7.80614e-05 2.07182e-06 7.29811e-08 7.29811e-08 7.29811e-08 5.26611e-08 0 
0 7.29811e-08 3.38617e-08 4.90159e-08 5.26611e-08 3.89681e-06 9.05082e-05 0.000120706 0.000145244 0.000163087 0.000168428 0.000162468 0.000142334 0.000112346 3.89681e-06 4.90159e-08 4.90159e-08 3.38617e-08 4.90159e-08 0 
0 2.45038e-08 2.45038e-08 3.38617e-08 3.38617e-08 3.96092e-06 0.000123109 0.000162595 0.000196259 0.000217337 0.000225627 0.000215224 0.000190519 0.000148838 5.25062e-06 4.90159e-08 3.60954e-08 4.75183e-08 3.38617e-08 0 
0 3.38617e-08 7.29811e-08 7.29811e-08 3.38617e-08 6.5811e-06 0.00015624 0.00020807 0.000247711 0.00027536 0.00028221 0.00027121 0.000237795 0.000188171 6.5811e-06 5.26611e-08 5.26611e-08 3.60954e-08 7.29811e-08 0 
0 7.29811e-08 7.29811e-08 5.26611e-08 5.26611e-08 7.99406e-06 0.000190471 0.000250419 0.000299454 0.000327991 0.000337272 0.000320329 0.000283516 0.000222279 7.99406e-06 4.75183e-08 3.61723e-08 7.29811e-08 7.29811e-08 0 
0 5.26611e-08 5.26611e-08 5.26611e-08 5.26611e-08 6.95346e-06 0.000218716 0.000289701 0.000341281 0.000374221 0.000379118 0.000361531 0.000316518 0.000251273 6.95346e-06 2.45038e-08 7.29811e-08 5.26611e-08 2.45038e-08 0 
0 2.45038e-08 2.45038e-08 5.26611e-08 3.61723e-08 7.52065e-06 0.00024151 0.000315477 0.000372575 0.000402006 0.000407582 0.00038313 0.000337681 0.000265571 7.52065e-06 7.29811e-08 7.29811e-08 2.45038e-08 5.26611e-08 0 
0 2.45038e-08 2.45038e-08 2.45038e-08 5.26611e-08 7.8569e-06 0.00024974 0.000328306 0.000381876 0.000412712 0.000411864 0.000388485 0.000338028 0.000268584 1.02538e-05 3.61723e-08 2.45038e-08 7.29811e-08 3.38617e-08 0 
0 2.45038e-08 2.45038e-08 3.60954e-08 4.75183e-08 7.65866e-06 0.000246012 0.000318755 0.000372707 0.000396977 0.000398081 0.000370335 0.000324154 0.000255468 7.65866e-06 4.75183e-08 4.75183e-08 3.61723e-08 3.60954e-08 0 
0 4.75183e-08 4.75183e-08 4.75183e-08 4.75183e-08 9.48093e-06 0.000224609 0.000293316 0.000338493 0.000363813 0.000360798 0.000338976 0.000294542 0.000234584 5.82737e-07 3.61723e-08 4.75183e-08 3.60954e-08 3.60954e-08 0 
0 5.26611e-08 5.26611e-08 7.29811e-08 4.90159e-08 6.26253e-06 0.000194168 0.00025003 0.000291871 0.000310987 0.00031346 0.000293734 0.000259902 0.000207089 6.26253e-06 3.61723e-08 3.61723e-08 3.60954e-08 3.61723e-08 0 
0 3.60954e-08 5.26611e-08 7.29811e-08 3.60954e-08 5.2302e-06 0.000155334 0.000201852 0.000233166 0.000252626 0.00025372 0.000243061 0.000216357 0.000176005 7.08497e-06 3.61723e-08 3.61723e-08 4.90159e-08 4.90159e-08 0 
0 4.75183e-08 4.90159e-08 3.60954e-08 4.90159e-08 5.6453e-06 0.000117841 0.000150915 0.000176531 0.000189747 0.000194049 0.000186028 0.000169761 0.000138607 5.6453e-06 4.75183e-08 4.90159e-08 4.90159e-08 4.75183e-08 0 
0 3.61723e-08 3.60954e-08 4.90159e-08 4.90159e-08 2.93755e-06 8.21929e-05 0.00010629 0.000122954 0.000134014 0.000136266 0.000132818 0.000121592 0.000101386 2.93755e-06 4.75183e-08 4.75183e-08 3.60954e-08 3.60954e-08 0 
0 3.61723e-08 4.90159e-08 4.90159e-08 3.60954e-08 1.87382e-06 5.20168e-05 6.64327e-05 7.79194e-05 8.43697e-05 8.70435e-05 8.46399e-05 7.85646e-05 6.51241e-05 1.87382e-06 3.61723e-08 2.45038e-08 2.45038e-08 3.38617e-08 0 
0 4.90159e-08 4.90159e-08 3.60954e-08 3.60954e-08 1.29399e-06 2.48664e-05 3.21798e-05 3.74163e-05 4.11076e-05 4.22201e-05 4.1548e-05 3.82709e-05 3.20787e-05 1.29399e-06 3.61723e-08 3.61723e-08 3.61723e-08 4.90159e-08 0 
0 0 0 0 0 0 0 0 0 0 0 0 0 0 0 0 0 0 0 0 

Step 16
0 0 0 0 0 0 0 0 0 0 0 0 0 0 0 0 0 0 0 0 
0 6.93606e-08 5.06523e-08 5.06523e-08 3.39137e-08 7.96387e-07 1.86679e-05 2.48213e-05 3.00654e-05 3.36572e-05 3.52047e-05 3.38761e-05 3.0033e-05 2.3444e-05 7.96387e-07 3.39137e-08 2.51484e-08 3.39137e-08 3.39137e-08 0 
0 4.57929e-08 5.06523e-08 3.62355e-08 5.06523e-08 1.63451e-06 3.90832e-05 5.21653e-05 6.28211e-05 7.04682e-05 7.31104e-05 7.06937e-05 6.211e-05 4.88819e-05 1.25766e-06 2.51484e-08 5.06523e-08 5.06523e-08 3.576e-08 0 
0 2.51484e-08 3.39137e-08 5.06523e-08 3.39137e-08 1.9748e-06 6.29296e-05 8.35274e-05 0.000100783 0.000112022 0.000116529 0.000111584 9.86802e-05 7.68945e-05 1.9748e-06 6.93606e-08 6.93606e-08 6.93606e-08 5.06523e-08 0 
0 6.93606e-08 3.39137e-08 4.78982e-08 5.06523e-08 3.63356e-06 9.00461e-05 0.000120133 0.000143624 0.000159937 0.000164618 0.000158415 0.000138749 0.000109089 3.63356e-06 4.78982e-08 4.78982e-08 3.39137e-08 4.78982e-08 0 
0 2.51484e-08 2.51484e-08 3.39137e-08 3.39137e-08 3.6843e-06 0.000120787 0.000159749 0.000191593 0.00021099 0.000217936 0.000207601 0.000183192 0.000142653 4.82989e-06 4.78982e-08 3.62355e-08 4.57929e-08 3.39137e-08 0 
0 3.39137e-08 6.93606e-08 6.93606e-08 3.39137e-08 5.9717e-06 0.000151814 0.000202018 0.0002396 0.000264616 0.000270263 0.00025883 0.000226247 0.000177884 5.9717e-06 5.06523e-08 5.06523e-08 3.62355e-08 6.93606e-08 0 
0 6.93606e-08 6.93606e-08 5.06523e-08 5.06523e-08 7.16796e-06 0.000182957 0.000240843 0.000286699 0.000312789 0.000320474 0.000303607 0.000267219 0.00020816 7.16796e-06 4.57929e-08 3.576e-08 6.93606e-08 4.57929e-08 0 
0 5.06523e-08 5.06523e-08 5.06523e-08 5.06523e-08 6.30261e-06 0.000208086 0.000275573 0.000324047 0.000354333 0.000358533 0.000340944 0.000297018 0.000233453 6.30261e-06 2.51484e-08 6.93606e-08 5.06523e-08 2.51484e-08 0 
0 2.51484e-08 2.51484e-08 5.06523e-08 5.06523e-08 6.78485e-06 0.000227376 0.000297594 0.000351103 0.000378933 0.000384208 0.000360983 0.000316146 0.000246303 6.78485e-06 6.93606e-08 6.93606e-08 2.51484e-08 5.06523e-08 0 
0 2.51484e-08 2.51484e-08 2.51484e-08 5.06523e-08 7.07671e-06 0.000233697 0.00030764 0.000358452 0.000387906 0.000388334 0.000366068 0.000317412 0.000248944 8.97384e-06 3.576e-08 2.51484e-08 6.93606e-08 3.39137e-08 0 
0 3.62355e-08 2.51484e-08 3.62355e-08 4.57929e-08 6.89908e-06 0.000229517 0.000298525 0.00034955 0.000373801 0.000375788 0.000350654 0.00030506 0.000237352 6.89908e-06 4.57929e-08 4.57929e-08 3.576e-08 3.62355e-08 0 
0 4.57929e-08 4.57929e-08 4.57929e-08 4.57929e-08 8.29592e-06 0.000210713 0.000275984 0.00031964 0.000344143 0.000342924 0.000321981 0.000278347 0.000216506 6.49222e-06 3.576e-08 4.57929e-08 3.62355e-08 3.62355e-08 0 
0 5.06523e-08 5.06523e-08 6.93606e-08 4.78982e-08 5.69055e-06 0.000184096 0.000238349 0.000278411 0.000297387 0.000299524 0.000280745 0.000245921 0.000192942 5.69055e-06 3.576e-08 3.576e-08 3.62355e-08 3.576e-08 0 
0 3.62355e-08 5.06523e-08 4.78982e-08 3.62355e-08 4.79228e-06 0.000149856 0.000195603 0.000226415 0.000244615 0.000245502 0.000233556 0.000205541 0.000163955 6.29902e-06 4.78982e-08 3.576e-08 4.78982e-08 4.78982e-08 0 
0 4.57929e-08 4.78982e-08 3.62355e-08 3.39137e-08 5.08289e-06 0.000115689 0.000149232 0.000174434 0.000187318 0.000190627 0.000181413 0.000162366 0.000129909 5.08289e-06 4.57929e-08 3.39137e-08 4.78982e-08 4.57929e-08 0 
0 3.576e-08 2.51484e-08 4.78982e-08 4.78982e-08 2.74372e-06 8.20626e-05 0.000106742 0.000123671 0.00013433 0.000136278 0.000131635 0.000117922 9.58137e-05 2.74372e-06 3.62355e-08 4.57929e-08 3.62355e-08 3.62355e-08 0 
0 3.62355e-08 3.576e-08 4.78982e-08 3.62355e-08 1.76357e-06 5.2478e-05 6.75281e-05 7.90194e-05 8.53128e-05 8.76012e-05 8.44438e-05 7.66641e-05 6.21009e-05 2.46163e-06 3.576e-08 2.51484e-08 2.51484e-08 3.39137e-08 0 
0 3.39137e-08 4.78982e-08 3.62355e-08 3.62355e-08 1.20375e-06 2.52777e-05 3.28431e-05 3.81193e-05 4.15836e-05 4.24875e-05 4.13967e-05 3.74248e-05 3.06508e-05 1.20375e-06 2.51484e-08 3.576e-08 3.576e-08 4.78982e-08 0 
0 0 0 0 0 0 0 0 0 0 0 0 0 0 0 0 0 0 0 0 

Step 17
0 0 0 0 0 0 0 0 0 0 0 0 0 0 0 0 0 0 0 0 
0 4.59947e-08 6.50441e-08 4.83188e-08 3.37689e-08 7.6372e-07 1.91292e-05 2.54224e-05 3.0584e-05 3.39227e-05 3.52184e-05 3.37617e-05 2.98384e-05 2.32486e-05 7.6372e-07 4.38228e-08 2.55004e-08 3.37689e-08 3.37689e-08 0 
0 4.38228e-08 4.83188e-08 3.56514e-08 4.83188e-08 1.5571e-06 3.96671e-05 5.29442e-05 6.33363e-05 7.04516e-05 7.26445e-05 6.99377e-05 6.13444e-05 4.812e-05 1.20881e-06 2.55004e-08 4.83188e-08 4.83188e-08 2.55004e-08 0 
0 2.55004e-08 3.37689e-08 4.83188e-08 3.37689e-08 1.88127e-06 6.30219e-05 8.36333e-05 0.000100335 0.000110772 0.000114545 0.000109392 9.64576e-05 7.50151e-05 1.88127e-06 6.50441e-08 6.50441e-08 4.83188e-08 4.83188e-08 0 
0 6.50441e-08 3.37689e-08 4.59947e-08 4.83188e-08 3.38726e-06 8.89477e-05 0.00011858 0.000141164 0.000156209 0.000160132 0.000153529 0.000134241 0.000105134 3.38726e-06 4.59947e-08 4.59947e-08 3.37689e-08 4.59947e-08 0 
0 2.55004e-08 2.55004e-08 3.37689e-08 3.37689e-08 3.44311e-06 0.000117748 0.000155778 0.000186012 0.000203963 0.000209688 0.000199264 0.00017519 0.000136012 4.44562e-06 4.59947e-08 3.56514e-08 4.38228e-08 3.37689e-08 0 
0 3.37689e-08 6.50441e-08 6.50441e-08 3.37689e-08 5.42993e-06 0.00014647 0.000194735 0.000230392 0.000253265 0.000257882 0.00024603 0.000214443 0.000167691 5.42993e-06 4.83188e-08 4.83188e-08 3.56514e-08 6.50441e-08 0 
0 6.50441e-08 6.50441e-08 4.83188e-08 4.83188e-08 6.44081e-06 0.000174642 0.000230076 0.000273079 0.000297163 0.000303385 0.000286709 0.000251161 0.000194734 6.44081e-06 3.37689e-08 2.55004e-08 6.50441e-08 4.38228e-08 0 
0 4.83188e-08 4.83188e-08 4.83188e-08 4.83188e-08 5.757e-06 0.000197008 0.000260852 0.000306484 0.000334287 0.000337766 0.000320164 0.000277951 0.000216853 5.757e-06 2.55004e-08 6.50441e-08 4.83188e-08 2.55004e-08 0 
0 3.49228e-08 2.55004e-08 4.83188e-08 4.83188e-08 6.16923e-06 0.000213529 0.000279928 0.000329952 0.000356083 0.000360523 0.000338352 0.000294678 0.000228019 6.16923e-06 6.50441e-08 6.50441e-08 2.55004e-08 4.83188e-08 0 
0 3.49228e-08 2.55004e-08 2.55004e-08 4.83188e-08 6.41544e-06 0.000218565 0.000287969 0.000335971 0.000363515 0.000364314 0.000342481 0.00029547 0.000229871 7.88084e-06 3.49228e-08 2.55004e-08 6.50441e-08 4.59947e-08 0 
0 3.56514e-08 2.55004e-08 3.56514e-08 4.38228e-08 6.25348e-06 0.000214282 0.0002795 0.000327454 0.000350922 0.000352597 0.000328437 0.000284239 0.000219256 6.25348e-06 4.38228e-08 4.38228e-08 3.49228e-08 3.56514e-08 0 
0 4.38228e-08 4.38228e-08 4.38228e-08 4.38228e-08 7.27193e-06 0.000197609 0.000259253 0.000301016 0.000324151 0.000323329 0.000302638 0.000260073 0.000202415 5.89566e-06 3.49228e-08 4.38228e-08 3.56514e-08 3.56514e-08 0 
0 4.83188e-08 4.83188e-08 6.50441e-08 4.59947e-08 5.19304e-06 0.00017397 0.000226078 0.000264202 0.000282726 0.000284189 0.000265325 0.000230572 0.000178871 5.19304e-06 3.49228e-08 3.49228e-08 3.56514e-08 3.49228e-08 0 
0 3.56514e-08 4.83188e-08 4.59947e-08 3.56514e-08 4.40272e-06 0.000143487 0.000187737 0.000217792 0.000235042 0.000235756 0.000222742 0.000193896 0.000152631 5.5804e-06 4.59947e-08 3.49228e-08 4.59947e-08 4.59947e-08 0 
0 3.37689e-08 4.59947e-08 3.56514e-08 3.37689e-08 4.54145e-06 0.000112265 0.000145513 0.000170137 0.000182763 0.000185305 0.000175302 0.000154756 0.000121943 4.54145e-06 4.38228e-08 4.38228e-08 4.59947e-08 4.38228e-08 0 
0 3.49228e-08 2.55004e-08 4.59947e-08 4.59947e-08 2.56211e-06 8.07936e-05 0.000105476 0.000122477 0.000132789 0.000134328 0.000128612 0.000113704 9.07381e-05 2.56211e-06 3.56514e-08 4.38228e-08 3.56514e-08 3.56514e-08 0 
0 3.56514e-08 3.49228e-08 4.59947e-08 3.56514e-08 1.65783e-06 5.21684e-05 6.751e-05 7.90206e-05 8.52502e-05 8.71028e-05 8.32541e-05 7.44386e-05 5.93007e-05 2.24144e-06 3.49228e-08 2.55004e-08 2.55004e-08 4.59947e-08 0 
0 3.37689e-08 4.59947e-08 3.56514e-08 3.56514e-08 1.10291e-06 2.53114e-05 3.30066e-05 3.83696e-05 4.17393e-05 4.24606e-05 4.09605e-05 3.65019e-05 2.93602e-05 1.10291e-06 2.55004e-08 3.49228e-08 3.49228e-08 4.59947e-08 0 
0 0 0 0 0 0 0 0 0 0 0 0 0 0 0 0 0 0 0 0 

Step 18
0 0 0 0 0 0 0 0 0 0 0 0 0 0 0 0 0 0 0 0 
0 4.37764e-08 6.04473e-08 4.60732e-08 3.31985e-08 7.29982e-07 1.93255e-05 2.56633e-05 3.07275e-05 3.38726e-05 3.49524e-05 3.3371e-05 2.93818e-05 2.2837e-05 7.29982e-07 4.18145e-08 2.563e-08 3.31985e-08 3.31985e-08 0 
0 4.18145e-08 4.60732e-08 3.48197e-08 4.60732e-08 1.4796e-06 3.97785e-05 5.30417e-05 6.31849e-05 6.98595e-05 7.16698e-05 6.86854e-05 6.00886e-05 4.69666e-05 1.16267e-06 2.563e-08 4.60732e-08 4.60732e-08 2.563e-08 0 
0 2.563e-08 3.31985e-08 4.60732e-08 3.31985e-08 1.79697e-06 6.25173e-05 8.29154e-05 9.90606e-05 0.000108833 0.000111959 0.000106574 9.36381e-05 7.26488e-05 1.79697e-06 6.04473e-08 6.04473e-08 4.60732e-08 4.60732e-08 0 
0 6.04473e-08 3.31985e-08 4.37764e-08 4.60732e-08 3.15781e-06 8.72301e-05 0.00011616 0.000137865 0.000151819 0.00015505 0.000148066 0.000129153 0.00010076 3.15781e-06 4.37764e-08 4.37764e-08 3.31985e-08 4.37764e-08 0 
0 2.563e-08 2.563e-08 3.31985e-08 3.31985e-08 3.23515e-06 0.000114112 0.000150947 0.000179651 0.000196333 0.000200999 0.00019049 0.00016685 0.00012917 4.09589e-06 4.37764e-08 4.18145e-08 4.18145e-08 3.31985e-08 0 
0 3.31985e-08 6.04473e-08 6.04473e-08 3.31985e-08 4.95048e-06 0.000140557 0.000186697 0.000220488 0.000241497 0.000245241 0.000233104 0.000202624 0.000157715 4.95048e-06 4.60732e-08 4.60732e-08 3.48197e-08 6.04473e-08 0 
0 6.04473e-08 6.04473e-08 6.04473e-08 4.60732e-08 5.8081e-06 0.000165967 0.000218747 0.000259058 0.000281365 0.000286326 0.000269944 0.000235495 0.000181896 5.8081e-06 3.31985e-08 2.563e-08 6.04473e-08 4.18145e-08 0 
0 4.60732e-08 4.60732e-08 4.60732e-08 4.60732e-08 5.29495e-06 0.000185887 0.000246041 0.000288942 0.000314445 0.000317225 0.000299714 0.000259369 0.000201297 5.29495e-06 2.563e-08 6.04473e-08 4.60732e-08 2.563e-08 0 
0 4.60732e-08 2.563e-08 4.60732e-08 4.60732e-08 5.65095e-06 0.000200147 0.00026271 0.000309361 0.00033373 0.000337191 0.000315824 0.000274052 0.000211064 5.65095e-06 6.04473e-08 6.04473e-08 2.563e-08 4.60732e-08 0 
0 3.40512e-08 2.563e-08 2.563e-08 4.60732e-08 5.85657e-06 0.000204263 0.000269233 0.00031437 0.000339819 0.000340368 0.000319347 0.000274812 0.000212757 6.96303e-06 3.40512e-08 2.563e-08 6.04473e-08 4.37764e-08 0 
0 3.48197e-08 3.48197e-08 3.48197e-08 4.18145e-08 5.7077e-06 0.000200029 0.000261449 0.000306295 0.000328443 0.000329739 0.000306916 0.000265133 0.000203791 5.7077e-06 4.18145e-08 4.18145e-08 3.40512e-08 3.48197e-08 0 
0 4.18145e-08 4.18145e-08 4.18145e-08 4.18145e-08 6.40366e-06 0.000185163 0.000243166 0.000282773 0.000304392 0.000303618 0.000283924 0.000243784 0.000188901 5.38748e-06 3.40512e-08 4.18145e-08 3.48197e-08 3.48197e-08 0 
0 4.60732e-08 4.60732e-08 6.04473e-08 4.37764e-08 4.76696e-06 0.00016399 0.000213695 0.000249775 0.000267426 0.000268406 0.000250096 0.000216617 0.000167159 4.76696e-06 3.40512e-08 3.40512e-08 3.48197e-08 3.40512e-08 0 
0 3.48197e-08 4.60732e-08 4.37764e-08 3.48197e-08 4.06416e-06 0.000136683 0.000179122 0.000208158 0.000224382 0.000224655 1.7761e-05 0.000182847 0.000142718 4.94964e-06 4.37764e-08 3.40512e-08 4.37764e-08 4.37764e-08 0 
0 3.31985e-08 4.37764e-08 3.48197e-08 3.31985e-08 4.05166e-06 0.000108098 0.000140615 0.000164464 0.000176673 0.000178468 0.000167874 0.000146912 0.000114541 4.05166e-06 4.18145e-08 4.18145e-08 4.37764e-08 4.18145e-08 0 
0 3.40512e-08 2.563e-08 4.37764e-08 4.37764e-08 2.39955e-06 7.87486e-05 0.000103068 0.000119913 0.0001298 0.000130914 0.000124392 0.00010888 8.58198e-05 2.39955e-06 3.48197e-08 4.18145e-08 3.48197e-08 3.48197e-08 0 
0 3.48197e-08 3.40512e-08 3.40512e-08 3.48197e-08 1.56262e-06 5.12935e-05 6.66613e-05 7.80712e-05 8.41854e-05 8.56121e-05 8.12499e-05 7.18058e-05 5.64921e-05 2.02812e-06 3.40512e-08 2.563e-08 2.563e-08 4.37764e-08 0 
0 4.18145e-08 3.31985e-08 3.48197e-08 3.48197e-08 1.00292e-06 2.50558e-05 3.27708e-05 3.81652e-05 4.14353e-05 4.19918e-05 4.0161e-05 3.54014e-05 2.80834e-05 1.00292e-06 2.563e-08 3.40512e-08 3.40512e-08 4.37764e-08 0 
0 0 0 0 0 0 0 0 0 0 0 0 0 0 0 0 0 0 0 0 

Step 19
0 0 0 0 0 0 0 0 0 0 0 0 0 0 0 0 0 0 0 0 
0 4.12978e-08 5.57517e-08 5.57517e-08 3.24152e-08 6.95358e-07 1.93019e-05 2.56095e-05 3.05511e-05 3.35279e-05 3.44237e-05 3.27426e-05 2.87182e-05 2.22623e-05 6.95358e-07 3.98616e-08 2.56147e-08 3.24152e-08 3.24152e-08 0 
0 5.57517e-08 4.39892e-08 3.38787e-08 4.39892e-08 1.40289e-06 3.94941e-05 5.25964e-05 6.24624e-05 6.87401e-05 7.02298e-05 6.70191e-05 5.84633e-05 4.5533e-05 1.1208e-06 2.56147e-08 4.39892e-08 4.39892e-08 2.56147e-08 0 
0 2.56147e-08 3.24152e-08 4.39892e-08 3.24152e-08 1.72185e-06 6.15054e-05 8.1516e-05 9.70713e-05 0.000106255 0.000108826 0.00010326 9.03986e-05 6.99588e-05 1.72185e-06 5.57517e-08 5.57517e-08 4.39892e-08 4.39892e-08 0 
0 5.57517e-08 3.24152e-08 4.12978e-08 4.39892e-08 2.94436e-06 8.49819e-05 0.000113028 0.000133839 0.000146815 0.000149455 0.000142185 0.000123704 9.61578e-05 2.94436e-06 4.12978e-08 4.12978e-08 4.12978e-08 4.12978e-08 0 
0 2.56147e-08 2.56147e-08 3.24152e-08 2.56147e-08 3.05319e-06 0.000110006 0.000145469 0.000172678 0.000188215 0.000191986 0.000181467 0.000158385 0.00012229 3.7787e-06 4.12978e-08 3.98616e-08 3.24152e-08 3.24152e-08 0 
0 3.24152e-08 3.24152e-08 3.98616e-08 3.24152e-08 4.52687e-06 0.00013429 0.000178202 0.000210163 0.000229503 0.000232507 0.000220258 0.000190968 0.00014806 4.52687e-06 4.39892e-08 4.39892e-08 3.38787e-08 5.57517e-08 0 
0 5.57517e-08 5.57517e-08 5.57517e-08 5.57517e-08 5.25853e-06 0.000157187 0.000207222 0.000244959 0.000265625 0.00026954 0.000253553 0.000220439 0.000169741 5.25853e-06 3.24152e-08 2.56147e-08 5.57517e-08 3.98616e-08 0 
0 4.39892e-08 4.39892e-08 4.39892e-08 4.39892e-08 4.89543e-06 0.000174952 0.000231453 0.000271685 0.000295079 0.000297235 0.000280078 0.00024179 0.000186902 4.89543e-06 2.56147e-08 5.57517e-08 4.39892e-08 2.56147e-08 0 
0 4.39892e-08 2.56147e-08 4.39892e-08 4.39892e-08 5.20574e-06 0.000187329 0.000246086 0.000289511 0.000312136 0.000314827 0.000294463 0.000254835 0.000195644 5.20574e-06 5.57517e-08 5.57517e-08 2.56147e-08 4.39892e-08 0 
0 3.31892e-08 2.56147e-08 2.56147e-08 4.39892e-08 5.37674e-06 0.000190743 0.000251434 0.000293711 0.000317214 0.000317611 0.000297612 0.000255761 0.000197267 6.19143e-06 2.56147e-08 2.56147e-08 5.57517e-08 4.12978e-08 0 
0 3.38787e-08 3.38787e-08 3.38787e-08 3.98616e-08 5.24017e-06 0.000186641 0.000244303 0.000286167 0.000306986 0.000308057 0.000286202 0.00024734 0.0001896 5.24017e-06 3.98616e-08 3.98616e-08 3.31892e-08 3.38787e-08 0 
0 3.98616e-08 3.98616e-08 3.98616e-08 3.98616e-08 5.67489e-06 0.000173331 0.00022777 0.000265148 0.000285366 0.000283575 0.000264244 0.000227296 0.000176244 4.95012e-06 3.31892e-08 3.98616e-08 3.38787e-08 2.56147e-08 0 
0 3.31892e-08 4.39892e-08 4.39892e-08 4.12978e-08 4.39842e-06 0.000154274 0.000201429 0.000235472 0.000251118 0.00024983 0.000227637 0.000200676 0.000155533 5.15451e-06 3.31892e-08 3.31892e-08 3.38787e-08 4.12978e-08 0 
0 3.38787e-08 3.38787e-08 4.12978e-08 3.38787e-08 3.76762e-06 0.000129693 0.000170145 0.000197497 0.000211498 0.000205724 0.000183026 0.000165747 0.000132419 4.40655e-06 3.24152e-08 3.31892e-08 4.12978e-08 4.12978e-08 0 
0 3.24152e-08 4.12978e-08 3.38787e-08 3.24152e-08 3.62205e-06 0.000103484 0.000134959 0.000157866 0.00016858 0.000168154 0.000153565 0.000136841 0.000107008 3.62205e-06 3.98616e-08 3.98616e-08 4.12978e-08 3.98616e-08 0 
0 3.31892e-08 2.56147e-08 4.12978e-08 4.12978e-08 2.25328e-06 7.61633e-05 9.9854e-05 0.000116318 0.000125713 0.00012564 0.000118202 0.000103111 8.11197e-05 2.25328e-06 4.39892e-08 3.98616e-08 3.38787e-08 3.38787e-08 0 
0 3.38787e-08 3.31892e-08 3.31892e-08 3.38787e-08 1.47626e-06 4.99876e-05 6.51672e-05 7.63375e-05 8.22546e-05 8.33083e-05 7.83252e-05 6.88813e-05 5.3686e-05 1.83301e-06 3.31892e-08 2.56147e-08 3.24152e-08 4.12978e-08 0 
0 3.98616e-08 3.98616e-08 3.38787e-08 3.38787e-08 9.10516e-07 2.45656e-05 3.2198e-05 3.75485e-05 4.06887e-05 4.10941e-05 3.9029e-05 3.41153e-05 2.6781e-05 9.10516e-07 2.56147e-08 3.31892e-08 4.12978e-08 3.24152e-08 0 
0 0 0 0 0 0 0 0 0 0 0 0 0 0 0 0 0 0 0 0 

Step 20
0 0 0 0 0 0 0 0 0 0 0 0 0 0 0 0 0 0 0 0 
0 3.8892e-08 5.12669e-08 5.12669e-08 3.1471e-08 6.60378e-07 1.90954e-05 2.5313e-05 3.01079e-05 3.2928e-05 3.36675e-05 3.19167e-05 2.78932e-05 2.15667e-05 6.60378e-07 3.79943e-08 2.54141e-08 3.1471e-08 3.1471e-08 0 
0 5.12669e-08 4.19374e-08 3.27906e-08 4.19374e-08 1.32729e-06 3.88792e-05 5.17095e-05 6.12631e-05 6.71693e-05 6.8391e-05 6.50164e-05 5.65593e-05 4.39015e-05 1.0822e-06 2.54141e-08 4.19374e-08 4.19374e-08 2.54141e-08 0 
0 2.54141e-08 3.79943e-08 4.19374e-08 3.1471e-08 1.65308e-06 6.00761e-05 7.95634e-05 9.44937e-05 0.000103132 0.000105235 9.9562e-05 8.68654e-05 6.70598e-05 1.65308e-06 5.12669e-08 5.12669e-08 4.19374e-08 4.19374e-08 0 
0 5.12669e-08 3.1471e-08 3.8892e-08 4.19374e-08 2.74568e-06 8.2307e-05 0.000109338 0.000129232 0.000141313 0.000143457 0.000136016 0.000118044 9.14538e-05 2.74568e-06 5.12669e-08 3.8892e-08 3.8892e-08 3.8892e-08 0 
0 2.54141e-08 2.54141e-08 3.1471e-08 2.54141e-08 2.88927e-06 0.000105557 0.00013953 0.000165268 0.00017975 0.000182781 0.000172348 0.000149949 0.000115496 3.49085e-06 3.8892e-08 3.79943e-08 3.1471e-08 3.1471e-08 0 
0 3.1471e-08 3.1471e-08 3.79943e-08 3.1471e-08 4.15087e-06 0.000127828 0.000169466 0.00019963 0.000217461 0.000219854 0.000207666 0.000179643 0.00013882 4.15087e-06 4.19374e-08 4.19374e-08 3.27906e-08 5.12669e-08 0 
0 5.12669e-08 5.12669e-08 5.12669e-08 5.12669e-08 4.78045e-06 0.000148463 0.000195733 0.000231018 0.000250166 0.000253249 0.000237773 0.000206139 0.000158339 4.78045e-06 3.1471e-08 2.54141e-08 5.12669e-08 3.1471e-08 0 
0 4.19374e-08 4.19374e-08 4.19374e-08 4.19374e-08 4.54263e-06 0.00016433 0.000217281 0.000254938 0.000276438 0.000278085 0.000261471 0.000225307 1.59013e-05 4.54263e-06 2.54141e-08 5.12669e-08 4.19374e-08 2.54141e-08 0 
0 4.19374e-08 2.54141e-08 4.19374e-08 4.19374e-08 4.81476e-06 0.000175123 0.000230177 0.000270575 0.000291528 0.000293597 0.000274201 0.00023691 0.000181497 4.81476e-06 5.12669e-08 5.12669e-08 2.54141e-08 4.19374e-08 0 
0 3.22941e-08 4.19374e-08 2.54141e-08 4.19374e-08 4.95708e-06 0.000177983 0.000234608 0.000274065 0.000295689 0.00029554 0.000276486 0.000237434 1.68361e-05 5.54815e-06 2.54141e-08 2.54141e-08 5.12669e-08 3.1471e-08 0 
0 3.27906e-08 3.27906e-08 3.27906e-08 3.79943e-08 4.83185e-06 0.000174068 0.000228017 0.00026692 0.000285696 0.000285712 0.000265257 0.000228875 0.000175588 4.83185e-06 3.79943e-08 3.79943e-08 3.22941e-08 3.27906e-08 0 
0 3.79943e-08 3.79943e-08 3.79943e-08 5.12669e-08 5.07257e-06 0.000162058 0.000212937 0.000247345 0.000264859 0.000262432 0.000243812 0.000209729 0.000162444 4.56698e-06 3.22941e-08 3.79943e-08 3.27906e-08 3.22941e-08 0 
0 3.22941e-08 4.19374e-08 3.22941e-08 3.8892e-08 4.07348e-06 0.000144806 0.000188885 0.000219793 0.000233252 0.000230691 0.000213096 0.000184384 0.000143036 4.60818e-06 3.22941e-08 3.22941e-08 3.27906e-08 3.8892e-08 0 
0 3.27906e-08 3.27906e-08 3.8892e-08 3.27906e-08 3.50336e-06 0.000122489 0.000160397 0.000185361 0.000196916 0.000193694 0.000178798 0.000155175 0.000121483 3.95022e-06 3.79943e-08 3.8892e-08 3.8892e-08 3.8892e-08 0 
0 3.1471e-08 3.8892e-08 3.27906e-08 3.1471e-08 3.25563e-06 9.85305e-05 0.000128319 0.00014918 0.000158198 0.000156446 0.000144889 0.00012606 9.85443e-05 2.81117e-06 3.79943e-08 3.79943e-08 3.8892e-08 3.27906e-08 0 
0 3.22941e-08 2.54141e-08 3.8892e-08 3.8892e-08 2.11924e-06 7.31582e-05 9.59264e-05 0.000111261 0.000119123 0.000118184 0.000110314 9.58774e-05 7.518e-05 2.11924e-06 4.19374e-08 3.79943e-08 3.27906e-08 3.27906e-08 0 
0 3.27906e-08 3.22941e-08 3.22941e-08 3.27906e-08 1.39625e-06 4.8354e-05 6.31233e-05 7.38403e-05 7.90329e-05 7.92749e-05 7.40879e-05 6.47302e-05 5.03991e-05 1.66045e-06 3.22941e-08 2.54141e-08 3.1471e-08 3.8892e-08 0 
0 3.79943e-08 3.79943e-08 3.27906e-08 3.79943e-08 8.27485e-07 2.38866e-05 3.13505e-05 3.65443e-05 3.94717e-05 3.95339e-05 3.72753e-05 3.24038e-05 2.53796e-05 8.27485e-07 2.54141e-08 3.22941e-08 3.8892e-08 3.1471e-08 0 
0 0 0 0 0 0 0 0 0 0 0 0 0 0 0 0 0 0 0 0 

Step 21
0 0 0 0 0 0 0 0 0 0 0 0 0 0 0 0 0 0 0 0 
0 3.64935e-08 4.71179e-08 4.71179e-08 3.04053e-08 6.25448e-07 1.87385e-05 2.48186e-05 2.94471e-05 3.21168e-05 3.27241e-05 3.09326e-05 2.69456e-05 2.07838e-05 6.25448e-07 3.61702e-08 2.50598e-08 3.04053e-08 3.04053e-08 0 
0 4.71179e-08 4.0006e-08 3.17665e-08 4.0006e-08 1.25334e-06 3.7994e-05 5.0468e-05 5.96772e-05 6.52304e-05 6.62285e-05 6.27518e-05 5.44509e-05 4.21355e-05 1.04422e-06 2.50598e-08 4.0006e-08 4.0006e-08 2.50598e-08 0 
0 2.50598e-08 3.61702e-08 4.0006e-08 3.04053e-08 1.5874e-06 5.83136e-05 7.71743e-05 9.1452e-05 9.95765e-05 0.000101288 9.55807e-05 8.3138e-05 6.40369e-05 1.5874e-06 4.71179e-08 4.71179e-08 4.0006e-08 4.0006e-08 0 
0 4.71179e-08 3.04053e-08 4.71179e-08 4.0006e-08 2.56074e-06 7.93064e-05 0.000105232 0.000124191 0.000135444 0.000137177 0.000129677 0.000112288 8.67397e-05 2.56074e-06 4.71179e-08 3.64935e-08 3.64935e-08 3.64935e-08 0 
0 2.50598e-08 2.50598e-08 3.04053e-08 2.50598e-08 2.73737e-06 0.000100879 0.000133289 0.000157587 0.000171089 0.000173516 0.000163262 0.000141654 0.000108585 3.22952e-06 3.64935e-08 3.61702e-08 3.04053e-08 3.04053e-08 0 
0 3.04053e-08 3.04053e-08 3.04053e-08 3.04053e-08 3.8164e-06 0.000121293 0.00016066 0.000189069 0.000205534 0.000207425 0.000195443 0.000167931 0.000128857 3.8164e-06 4.0006e-08 4.71179e-08 3.17665e-08 4.71179e-08 0 
0 4.71179e-08 4.71179e-08 4.71179e-08 4.71179e-08 4.3638e-06 0.000139907 0.000184441 0.000217403 0.000235136 0.000237552 0.000221694 0.000190127 0.000142239 4.3638e-06 3.04053e-08 2.50598e-08 4.71179e-08 3.04053e-08 0 
0 4.0006e-08 4.0006e-08 4.0006e-08 4.0006e-08 4.22539e-06 0.000154102 0.000203644 0.000238805 0.000258552 0.000259271 0.000242098 0.000202792 0.000147537 4.22539e-06 2.50598e-08 4.71179e-08 4.0006e-08 2.50598e-08 0 
0 4.0006e-08 3.13461e-08 4.0006e-08 4.0006e-08 4.46533e-06 0.00016355 0.000214995 0.00025247 0.000271752 0.000273214 0.000253264 0.000215703 0.000159728 4.46533e-06 4.71179e-08 4.71179e-08 2.50598e-08 4.0006e-08 0 
0 4.0006e-08 4.0006e-08 2.50598e-08 4.0006e-08 4.58383e-06 0.000165913 0.000218578 0.000255151 0.000274783 0.000273971 0.00025464 0.000212758 0.000154693 5.01065e-06 2.50598e-08 2.50598e-08 4.71179e-08 3.04053e-08 0 
0 3.17665e-08 3.17665e-08 3.17665e-08 3.61702e-08 4.46892e-06 0.000162119 0.000212288 0.00024803 0.000265275 0.000264956 0.000245055 0.000209177 0.000156456 4.46892e-06 3.61702e-08 3.61702e-08 3.13461e-08 3.17665e-08 0 
0 3.61702e-08 3.61702e-08 3.61702e-08 4.71179e-08 4.57195e-06 0.000151125 0.000198248 0.000230058 0.000245965 0.000244064 0.000226846 0.000193783 0.000148723 4.22576e-06 3.13461e-08 3.61702e-08 3.17665e-08 3.13461e-08 0 
0 3.13461e-08 4.0006e-08 3.13461e-08 3.64935e-08 3.7824e-06 0.000135352 0.000176422 0.000204865 0.000217647 0.000215886 0.000199911 0.000172133 0.000132255 4.15168e-06 3.13461e-08 3.13461e-08 3.17665e-08 3.64935e-08 0 
0 3.17665e-08 3.17665e-08 3.64935e-08 3.17665e-08 3.26412e-06 0.000115104 0.000150414 0.000173759 0.000184773 0.000182649 0.000169417 0.000145823 0.000112961 3.56443e-06 3.61702e-08 3.64935e-08 3.64935e-08 3.64935e-08 0 
0 3.04053e-08 3.64935e-08 3.17665e-08 3.04053e-08 2.94287e-06 9.31154e-05 0.000121135 0.000140433 0.000149018 0.000147756 0.000137048 0.000118398 9.16482e-05 2.63399e-06 3.61702e-08 3.61702e-08 3.61702e-08 3.17665e-08 0 
0 3.13461e-08 2.50598e-08 3.64935e-08 3.64935e-08 1.99444e-06 6.96776e-05 9.11193e-05 0.00010544 0.000112498 0.000111615 0.000104005 8.98327e-05 6.9824e-05 1.99444e-06 3.13461e-08 3.61702e-08 3.17665e-08 3.17665e-08 0 
0 3.17665e-08 3.13461e-08 3.13461e-08 3.17665e-08 1.32072e-06 4.63645e-05 6.04395e-05 7.03806e-05 7.50755e-05 7.49558e-05 6.98695e-05 6.06095e-05 4.69611e-05 1.51036e-06 3.13461e-08 3.13461e-08 3.04053e-08 3.64935e-08 0 
0 3.61702e-08 3.61702e-08 3.17665e-08 3.61702e-08 7.54662e-07 2.30204e-05 3.01771e-05 3.50579e-05 3.76332e-05 3.75443e-05 3.51821e-05 3.0449e-05 2.36946e-05 7.54662e-07 2.50598e-08 3.13461e-08 3.64935e-08 3.04053e-08 0 
0 0 0 0 0 0 0 0 0 0 0 0 0 0 0 0 0 0 0 0 

Step 22
0 0 0 0 0 0 0 0 0 0 0 0 0 0 0 0 0 0 0 0 
0 3.42309e-08 4.33509e-08 4.33509e-08 2.92429e-08 5.91054e-07 1.82605e-05 2.41662e-05 2.86134e-05 3.11375e-05 3.16337e-05 2.98275e-05 2.59088e-05 1.99387e-05 5.91054e-07 3.4401e-08 2.45922e-08 2.92429e-08 2.92429e-08 0 
0 4.33509e-08 3.80854e-08 3.06415e-08 3.80854e-08 1.18155e-06 3.68937e-05 4.89485e-05 5.77882e-05 6.30049e-05 6.3817e-05 6.02941e-05 5.21888e-05 4.02743e-05 1.00607e-06 2.45922e-08 3.06415e-08 3.80854e-08 2.45922e-08 0 
0 2.45922e-08 3.4401e-08 3.80854e-08 2.92429e-08 1.52279e-06 5.62954e-05 7.44533e-05 8.80614e-05 9.56971e-05 9.70837e-05 9.13776e-05 7.92453e-05 6.08539e-05 1.52279e-06 4.33509e-08 3.80854e-08 3.80854e-08 3.80854e-08 0 
0 4.33509e-08 2.92429e-08 4.33509e-08 3.80854e-08 2.38879e-06 7.60724e-05 0.000100835 0.00011885 0.000129335 0.000130675 0.000123145 0.000106163 8.16981e-05 2.38879e-06 4.33509e-08 3.42309e-08 3.42309e-08 3.42309e-08 0 
0 2.45922e-08 2.45922e-08 2.92429e-08 3.03148e-08 2.59358e-06 9.607e-05 0.00012688 0.000149777 0.0001623 0.000164121 0.000153616 0.000132406 0.00010118 2.99209e-06 3.42309e-08 3.4401e-08 2.92429e-08 2.92429e-08 0 
0 2.92429e-08 2.92429e-08 2.92429e-08 2.92429e-08 3.51706e-06 0.000114782 0.000151909 0.000178561 0.000193656 0.000194488 0.000181812 0.000155309 0.000118565 3.51706e-06 3.80854e-08 3.4401e-08 3.06415e-08 4.33509e-08 0 
0 4.33509e-08 4.33509e-08 4.33509e-08 4.33509e-08 3.99749e-06 0.000131591 0.000173419 0.000204099 0.000219998 0.000220804 0.000204553 0.00017401 0.000132001 3.99749e-06 2.92429e-08 2.45922e-08 4.33509e-08 2.92429e-08 0 
0 3.80854e-08 3.80854e-08 3.80854e-08 3.80854e-08 3.9361e-06 0.000144289 0.000190531 0.000223074 0.000240625 0.000239718 0.000221599 0.000187249 0.00014153 3.9361e-06 2.45922e-08 4.33509e-08 3.80854e-08 2.45922e-08 0 
0 3.80854e-08 3.80854e-08 3.80854e-08 3.80854e-08 4.14859e-06 0.000152555 0.000200472 0.000235041 0.000251983 0.000251261 0.00023112 0.000195146 0.000147498 4.14859e-06 4.33509e-08 4.33509e-08 2.45922e-08 3.80854e-08 0 
0 3.80854e-08 3.80854e-08 2.45922e-08 3.80854e-08 4.24742e-06 0.000154453 0.000203302 0.000237002 0.000254401 0.000252256 0.0002323 0.00019587 0.000147934 4.47047e-07 2.45922e-08 2.45922e-08 4.33509e-08 2.92429e-08 0 
0 3.06415e-08 3.06415e-08 3.06415e-08 3.4401e-08 4.14153e-06 0.000150748 0.00019735 0.000230296 0.000245841 0.000244401 0.000224795 0.00019041 0.000144281 4.14153e-06 3.4401e-08 3.4401e-08 3.03148e-08 3.06415e-08 0 
0 3.4401e-08 3.4401e-08 3.4401e-08 4.33509e-08 4.14132e-06 0.000140687 0.000184407 0.000214014 0.000228766 0.000226646 0.000209571 0.000178034 0.00013573 3.91734e-06 3.03148e-08 3.4401e-08 3.06415e-08 3.03148e-08 0 
0 3.03148e-08 3.03148e-08 3.03148e-08 3.42309e-08 3.51698e-06 0.000126264 0.000164626 0.000191183 0.000203428 0.000202072 0.000186714 0.000159755 0.000122012 3.7577e-06 3.03148e-08 3.03148e-08 3.06415e-08 3.42309e-08 0 
0 3.06415e-08 3.06415e-08 3.42309e-08 3.06415e-08 3.04391e-06 0.000107855 0.000140876 0.000162926 0.000173567 0.000171966 0.000159574 0.00013661 0.000105053 3.22952e-06 3.4401e-08 3.42309e-08 3.42309e-08 3.42309e-08 0 
0 2.92429e-08 3.42309e-08 3.06415e-08 2.92429e-08 2.66814e-06 8.76324e-05 0.000114029 0.000132183 0.000140508 0.000139571 0.000129421 0.000111355 8.55665e-05 2.46844e-06 3.4401e-08 3.4401e-08 3.4401e-08 3.06415e-08 0 
0 3.03148e-08 2.45922e-08 3.42309e-08 3.42309e-08 1.87635e-06 6.59533e-05 8.61351e-05 9.96572e-05 0.000106296 0.00010553 9.82113e-05 8.44588e-05 6.52029e-05 1.87635e-06 3.03148e-08 3.4401e-08 3.06415e-08 3.06415e-08 0 
0 3.06415e-08 3.03148e-08 3.03148e-08 3.06415e-08 1.24819e-06 4.40837e-05 5.74216e-05 6.67156e-05 7.11063e-05 7.08746e-05 6.59357e-05 5.69119e-05 4.38506e-05 1.37555e-06 3.03148e-08 3.03148e-08 2.92429e-08 3.42309e-08 0 
0 3.4401e-08 3.4401e-08 3.06415e-08 3.4401e-08 6.88933e-07 2.19791e-05 2.87526e-05 3.33434e-05 3.56829e-05 3.55356e-05 3.31763e-05 2.85926e-05 2.21097e-05 6.88933e-07 2.45922e-08 3.03148e-08 3.42309e-08 2.92429e-08 0 
0 0 0 0 0 0 0 0 0 0 0 0 0 0 0 0 0 0 0 0 

Step 23
0 0 0 0 0 0 0 0 0 0 0 0 0 0 0 0 0 0 0 0 
0 3.20755e-08 3.98449e-08 3.98449e-08 2.79566e-08 5.57546e-07 1.76878e-05 2.33913e-05 2.76471e-05 3.00284e-05 3.04299e-05 2.86207e-05 2.47921e-05 1.90345e-05 5.57546e-07 3.26531e-08 2.40428e-08 2.79566e-08 2.79566e-08 0 
0 3.98449e-08 3.6201e-08 2.95186e-08 3.6201e-08 1.11217e-06 3.56282e-05 4.72188e-05 5.56692e-05 6.05612e-05 6.11953e-05 5.76485e-05 4.97615e-05 3.82931e-05 9.67067e-07 2.40428e-08 2.95186e-08 3.6201e-08 2.40428e-08 0 
0 2.40428e-08 3.26531e-08 3.6201e-08 2.79566e-08 1.45804e-06 5.40902e-05 7.14898e-05 8.44153e-05 9.15467e-05 9.26061e-05 8.68912e-05 7.50884e-05 5.75288e-05 1.45804e-06 3.6201e-08 3.6201e-08 3.6201e-08 3.6201e-08 0 
0 3.98449e-08 2.79566e-08 3.98449e-08 3.6201e-08 2.22612e-06 7.26825e-05 9.6244e-05 0.000113271 0.000122949 0.000123827 0.000116204 9.99008e-05 7.66277e-05 2.22612e-06 3.98449e-08 3.20755e-08 3.20755e-08 2.92135e-08 0 
0 2.40428e-08 2.40428e-08 2.79566e-08 2.92135e-08 2.45562e-06 9.12055e-05 0.000120364 0.000141807 0.000153229 0.000154276 0.000143925 0.000123631 9.4345e-05 2.76954e-06 3.20755e-08 3.26531e-08 2.79566e-08 2.79566e-08 0 
0 2.79566e-08 2.79566e-08 2.79566e-08 2.79566e-08 3.23606e-06 0.000108335 0.000143202 0.000167979 0.000181489 0.00018163 0.000169139 0.000144412 0.000110161 3.23606e-06 3.6201e-08 3.26531e-08 3.26531e-08 3.98449e-08 0 
0 3.98449e-08 3.98449e-08 3.98449e-08 3.98449e-08 3.65578e-06 0.000123507 0.000162588 0.00019083 0.000205045 0.000204914 0.000189637 0.000161557 0.00012274 3.65578e-06 2.79566e-08 2.40428e-08 3.98449e-08 2.79566e-08 0 
0 3.6201e-08 3.6201e-08 3.6201e-08 3.98449e-08 3.66955e-06 0.000134844 0.000177782 0.000207664 0.000223078 0.000221708 0.00020481 0.000173746 0.000131658 3.66955e-06 2.40428e-08 3.98449e-08 3.6201e-08 2.40428e-08 0 
0 3.6201e-08 3.6201e-08 3.6201e-08 3.6201e-08 3.85818e-06 0.000142068 0.000186474 0.000217987 0.000233043 0.000231536 0.000213098 0.000180146 0.000136091 3.85818e-06 3.98449e-08 3.98449e-08 2.40428e-08 3.6201e-08 0 
0 3.6201e-08 3.6201e-08 2.40428e-08 3.6201e-08 3.94022e-06 0.000143581 0.00018873 0.000219624 0.000234953 0.000232617 0.000213904 0.000180483 0.000135083 4.12269e-06 2.40428e-08 2.40428e-08 3.98449e-08 3.26531e-08 0 
0 2.95186e-08 2.95186e-08 2.95186e-08 3.26531e-08 3.84214e-06 0.000140031 0.000183227 0.000213448 0.00022751 0.000225607 0.000207543 0.00017561 0.000132772 3.84214e-06 3.26531e-08 3.26531e-08 2.92135e-08 2.95186e-08 0 
0 3.26531e-08 3.26531e-08 3.26531e-08 3.20755e-08 3.75417e-06 0.000130856 0.000171444 0.000198918 0.000212351 0.000210197 0.000193992 0.00016476 0.00012515 3.63453e-06 2.92135e-08 3.26531e-08 2.95186e-08 2.92135e-08 0 
0 2.92135e-08 2.92135e-08 2.92135e-08 3.20755e-08 3.2714e-06 0.000117694 0.000153546 0.000178366 0.00018987 0.000188451 0.00017393 0.000148385 0.000112996 3.40864e-06 2.92135e-08 2.92135e-08 3.26531e-08 3.20755e-08 0 
0 2.95186e-08 2.95186e-08 3.20755e-08 2.95186e-08 2.83811e-06 0.000100915 0.000131859 0.000152685 0.00016283 0.000161399 0.000149539 0.000127658 9.76787e-05 2.93495e-06 3.26531e-08 3.20755e-08 3.20755e-08 3.20755e-08 0 
0 2.79566e-08 3.20755e-08 2.95186e-08 2.79566e-08 2.4265e-06 8.22863e-05 0.000107172 0.000124334 0.000132349 0.000131553 0.000121854 0.000104478 7.99068e-05 2.31137e-06 3.26531e-08 3.26531e-08 3.26531e-08 2.95186e-08 0 
0 2.92135e-08 2.40428e-08 3.20755e-08 3.20755e-08 1.76273e-06 6.21961e-05 8.12187e-05 9.4045e-05 0.000100366 9.96831e-05 9.26488e-05 7.94083e-05 6.09894e-05 1.76273e-06 2.92135e-08 3.26531e-08 2.95186e-08 2.95186e-08 0 
0 2.95186e-08 2.92135e-08 2.92135e-08 2.95186e-08 1.17729e-06 4.16988e-05 5.43247e-05 6.30843e-05 6.72526e-05 6.6992e-05 6.22268e-05 5.35149e-05 4.10408e-05 1.25394e-06 2.92135e-08 2.92135e-08 2.79566e-08 3.20755e-08 0 
0 3.26531e-08 3.26531e-08 2.95186e-08 3.26531e-08 6.29063e-07 2.08491e-05 2.72472e-05 3.15874e-05 3.37681e-05 3.36036e-05 3.12993e-05 2.68827e-05 2.06829e-05 6.29063e-07 2.40428e-08 2.92135e-08 3.20755e-08 2.79566e-08 0 
0 0 0 0 0 0 0 0 0 0 0 0 0 0 0 0 0 0 0 0 

Step 24
0 0 0 0 0 0 0 0 0 0 0 0 0 0 0 0 0 0 0 0 
0 2.99911e-08 3.66247e-08 3.66247e-08 2.67112e-08 5.24627e-07 1.70439e-05 2.25233e-05 2.65781e-05 2.88123e-05 2.91234e-05 2.73247e-05 2.36044e-05 1.80847e-05 5.24627e-07 3.092e-08 2.3396e-08 2.3396e-08 2.3396e-08 0 
0 3.66247e-08 3.4232e-08 2.83448e-08 3.4232e-08 1.04378e-06 3.42396e-05 4.53307e-05 5.33666e-05 5.79256e-05 5.83917e-05 5.48471e-05 4.7233e-05 3.62509e-05 9.27039e-07 2.3396e-08 2.3396e-08 2.3396e-08 2.3396e-08 0 
0 2.3396e-08 3.66247e-08 3.4232e-08 2.67112e-08 1.39285e-06 5.17505e-05 6.83403e-05 8.055e-05 8.7167e-05 8.79174e-05 8.22835e-05 7.09052e-05 5.422e-05 1.39285e-06 2.3396e-08 2.3396e-08 2.3396e-08 2.3396e-08 0 
0 3.66247e-08 2.67112e-08 3.4232e-08 3.4232e-08 2.06708e-06 6.91836e-05 9.14961e-05 0.0001075 0.000116369 0.000116901 0.000109377 9.38588e-05 7.18204e-05 1.8696e-06 2.3396e-08 2.3396e-08 2.3396e-08 2.3396e-08 0 
0 2.3396e-08 2.3396e-08 2.67112e-08 2.80297e-08 2.32231e-06 8.63081e-05 0.000113778 0.000133747 0.000144183 0.000144734 0.00013478 0.000115559 8.80746e-05 2.32231e-06 2.3396e-08 2.3396e-08 2.3396e-08 2.3396e-08 0 
0 2.67112e-08 2.67112e-08 2.67112e-08 2.67112e-08 2.96804e-06 0.000101965 0.000134567 0.000157556 0.00016975 0.000169573 0.000157645 0.000134552 0.000102474 2.75979e-06 2.3396e-08 2.3396e-08 2.3396e-08 2.3396e-08 0 
0 3.66247e-08 3.66247e-08 3.66247e-08 3.66247e-08 3.33331e-06 0.000115638 0.000152043 0.000178031 0.000190943 0.000190443 0.00017621 0.000150009 0.000113831 3.12207e-06 2.3396e-08 2.3396e-08 2.3396e-08 2.3396e-08 0 
0 3.4232e-08 3.4232e-08 3.4232e-08 3.66247e-08 3.42187e-06 0.000125762 0.000165522 0.00019303 0.000206875 0.000205437 0.000189543 0.000160632 0.000121655 3.42187e-06 2.3396e-08 2.3396e-08 2.3396e-08 2.3396e-08 0 
0 3.66247e-08 3.4232e-08 3.4232e-08 3.4232e-08 3.7303e-06 0.000132072 0.00017317 0.000202001 0.00021567 0.000213823 0.000196504 0.000166062 0.00012523 3.58944e-06 2.3396e-08 2.3396e-08 2.3396e-08 2.3396e-08 0 
0 3.4232e-08 3.4232e-08 2.3396e-08 3.4232e-08 3.65718e-06 0.000133299 0.000174971 0.000203392 0.000217142 0.000214719 0.000197135 0.000166094 0.000125336 3.65718e-06 2.3396e-08 2.3396e-08 2.3396e-08 2.3396e-08 0 
0 2.3396e-08 2.83448e-08 2.83448e-08 3.092e-08 3.56584e-06 0.000129947 0.000169962 0.00019774 0.000210637 0.000208494 0.000191444 0.000161774 0.000122015 3.56584e-06 2.3396e-08 2.3396e-08 2.3396e-08 2.3396e-08 0 
0 3.092e-08 3.092e-08 3.092e-08 2.99911e-08 3.40246e-06 0.000121617 0.000159266 0.000184775 0.000197096 0.000195062 0.000179667 0.000152202 0.00011534 3.37293e-06 2.3396e-08 2.3396e-08 2.3396e-08 2.3396e-08 0 
0 2.80297e-08 2.80297e-08 2.80297e-08 2.99911e-08 3.0425e-06 0.000109625 0.000143094 0.000166231 0.000177019 0.000175601 0.000161992 0.000137818 0.000104636 3.0425e-06 2.3396e-08 2.3396e-08 2.3396e-08 2.3396e-08 0 
0 2.83448e-08 2.83448e-08 2.99911e-08 2.83448e-08 2.64453e-06 9.43184e-05 0.000123297 0.000142899 0.000152456 0.000151157 0.000139888 0.000119213 9.08612e-05 2.64453e-06 2.3396e-08 2.3396e-08 2.3396e-08 2.3396e-08 0 
0 2.67112e-08 2.99911e-08 2.83448e-08 2.67112e-08 2.21173e-06 7.71491e-05 0.000100585 0.00011678 0.000124422 0.000123675 0.000114467 9.78933e-05 7.46328e-05 2.1615e-06 2.3396e-08 2.3396e-08 2.3396e-08 2.3396e-08 0 
0 2.80297e-08 2.3396e-08 2.99911e-08 2.99911e-08 1.65274e-06 5.85128e-05 7.64436e-05 8.86027e-05 9.46074e-05 9.3978e-05 8.72362e-05 7.45943e-05 5.70681e-05 1.65274e-06 2.3396e-08 2.3396e-08 2.3396e-08 2.3396e-08 0 
0 2.83448e-08 2.80297e-08 2.80297e-08 2.83448e-08 1.10758e-06 3.93189e-05 5.12612e-05 5.95431e-05 6.35104e-05 6.32411e-05 5.86706e-05 5.03148e-05 3.84503e-05 1.10758e-06 2.3396e-08 2.3396e-08 2.3396e-08 2.3396e-08 0 
0 3.092e-08 3.092e-08 2.83448e-08 3.092e-08 5.75664e-07 1.96986e-05 2.57419e-05 2.98552e-05 3.19119e-05 3.17452e-05 2.9519e-05 2.5287e-05 1.93785e-05 5.75664e-07 2.3396e-08 2.3396e-08 2.3396e-08 2.3396e-08 0 
0 0 0 0 0 0 0 0 0 0 0 0 0 0 0 0 0 0 0 0 

