Step 0
0 0 0 0 0 0 0 0 0 0 
0 0 0 0 0 0 0 0 0 0 
0 0 0 0 1.18418e-07 0.00477525 3.69693e-06 1.16044e-10 0 0 
0 0 0 0 0.0142964 0.036059 0.0144251 1.12445e-05 0 0 
0 0 0 0.0142798 0.0716849 0.336304 0.0750556 0.0145291 2.56714e-05 0 
0 2.02559e-06 0.0047699 0.0359173 0.334888 1.93654 0.422046 0.0386518 0.00501019 0 
0 0 0 0.0142798 0.0716849 0.336304 0.0750554 0.0145291 2.56713e-05 0 
0 0 0 0 0.0142964 0.036059 0.0144251 1.12343e-05 0 0 
0 0 0 0 1.20694e-07 0.00477525 3.81309e-06 1.18757e-10 0 0 
0 0 0 0 0 0 0 0 0 0 

Step 1
0 0 0 0 0 0 0 0 0 0 
0 0 5.1117e-05 0.00019988 0.00110094 0.00188508 0.00110313 0.000200355 5.1083e-05 0 
0 5.11e-05 0.00026644 0.00215051 0.00686927 0.0115439 0.0069323 0.00216292 0.000268846 0 
0 0.000200539 0.00215109 0.0100998 0.0292367 0.0600584 0.0298224 0.0103784 0.00219033 0 
0 0.00111785 0.00687953 0.0292225 0.106163 0.204496 0.111453 0.0318747 0.00788482 0 
0 0.00195575 0.0115616 0.059709 0.202875 0.581656 0.236156 0.07264 0.0230465 0 
0 0.00111788 0.00687377 0.0291582 0.106013 0.2045 0.111643 0.0319458 0.00789691 0 
0 0.000200638 0.00214975 0.0100898 0.0291932 0.0600463 0.0298811 0.0103897 0.0021937 0 
0 5.11001e-05 0.000266344 0.00211851 0.00678645 0.0112949 0.00685814 0.00213286 0.000268772 0 
0 0 0 0 0 0 0 0 0 0 

Step 2
0 0 0 0 0 0 0 0 0 0 
0 7.19209e-05 0.000357571 0.00115167 0.00257604 0.00372644 0.00259595 0.00116199 0.000334276 0 
0 0.000356181 0.00153542 0.00480734 0.0111179 0.0150728 0.011239 0.00495026 0.00141638 0 
0 0.00115629 0.00483618 0.0155572 0.0333408 0.0515137 0.0344127 0.0173688 0.00490902 0 
0 0.00295445 0.0114444 0.0334314 0.0827243 0.122398 0.0897032 0.0550516 0.0177476 0 
0 0.0051279 0.0161695 0.0516631 0.122344 0.223379 0.163967 0.171462 0.0362242 0 
0 0.00296207 0.0114373 0.0333662 0.0825746 0.122361 0.089833 0.0552954 0.0178164 0 
0 0.00115826 0.00482536 0.0155063 0.0332141 0.0513913 0.0343747 0.0173659 0.00489754 0 
0 0.000341847 0.00147572 0.00457869 0.0105989 0.0143406 0.0107143 0.00466377 0.00129986 0 
0 0 0 0 0 0 0 0 0 0 

Step 3
0 0 0 0 0 0 0 0 0 0 
0 0.000263657 0.000864271 0.0021477 0.00383354 0.00492035 0.00380009 0.00183139 0.000399941 0 
0 0.000816347 0.00284742 0.00686967 0.0128204 0.0157878 0.0123817 0.00301619 0.000874508 0 
0 0.00194172 0.00716526 0.0173453 0.0310858 0.0393163 0.0251464 0.00125822 0.000429454 0 
0 0.00852007 0.0167709 0.0328294 0.060233 0.064182 0.0150055 6.62561e-05 6.62445e-05 0 
0 0.0626745 0.0281037 0.0456413 0.0750211 0.0762146 0.00266483 0.00265805 0.0026316 0 
0 0.00866123 0.0168278 0.0327801 0.0600142 0.0638413 0.0147457 0.000199643 0.00019961 0 
0 0.00197212 0.00714602 0.0172019 0.0307718 0.038843 0.024082 0.00357316 0.00109446 0 
0 0.000741366 0.00261414 0.006291 0.0117376 0.0143897 0.010742 0.00576583 0.00303467 0 
0 0 0 0 0 0 0 0 0 0 

Step 4
0 0 0 0 0 0 0 0 0 0 
0 0.000514445 0.00140591 0.00292896 0.00459033 0.00531954 0.00263385 0.00268729 0.000241671 0 
0 0.000463357 0.00341021 0.00791055 0.012808 0.0126514 0.000780799 0.00012694 0.00012693 0 
0 0.000126941 0.0067048 0.0173158 0.0251898 0.00784114 0.000126941 0.000126934 0.000126908 0 
0 0.000241673 0.0101045 0.0374941 0.033925 0.000841794 0.000126942 0.000126828 0.000126696 0 
0 0.00340659 0.00347034 0.0524791 0.0201015 0.00977843 0.00982488 0.00895444 0.00484565 0 
0 0.000668486 0.0125122 0.0375783 0.0337041 0.000777507 0.00031456 0.000314289 0.000314015 0 
0 0.000314553 0.00653725 0.0170367 0.0245304 0.00703475 0.000314557 0.000314526 0.000314515 0 
0 0.000393099 0.00286362 0.00694813 0.0111055 0.0102028 0.00151956 0.000314555 0.000314541 0 
0 0 0 0 0 0 0 0 0 0 

Step 5
0 0 0 0 0 0 0 0 0 0 
0 0.00291464 0.00194135 0.00402349 0.00479461 0.00366688 0.000173614 0.000173564 0.000178458 0 
0 0.000300319 0.00101473 0.00362111 0.0107895 0.000173613 0.000173603 0.000173362 0.000172662 0 
0 0.000173485 0.000173544 0.000173607 0.0214767 0.000173607 0.000173558 0.000173081 0.000173315 0 
0 0.000177745 0.000178625 0.000178957 0.000300293 0.000173606 0.000173497 0.000172012 0.000171127 0 
0 0.000177169 0.000203555 0.000447147 0.000300164 0.00138639 0.000294809 0.000298456 0.000153079 0 
0 0.000258503 0.0002611 0.000261744 0.000173524 0.000300338 0.000300258 0.000299631 0.000299381 0 
0 0.000300229 0.000300303 0.000772682 0.0197081 0.000300337 0.000300304 0.000299976 0.000299962 0 
0 0.000268394 0.00055293 0.00365021 0.0100432 0.00030034 0.000300328 0.000300175 0.000299705 0 
0 0 0 0 0 0 0 0 0 0 

Step 6
0 0 0 0 0 0 0 0 0 0 
0 0.000124811 0.000223975 0.000222899 0.00284237 0.00197639 0.000380027 0.000312217 8.01125e-05 0 
0 0.000230461 0.000224165 0.000833441 0.000978196 0.000371005 0.000188553 5.92223e-05 5.92223e-05 0 
0 6.30179e-05 0.000403926 0.000372916 0.000372101 0.000371691 0.000374662 5.92223e-05 0.000385256 0 
0 8.70426e-05 8.63351e-05 8.78402e-05 0.000371236 0.000373041 0.000383133 0.000263315 0.000371375 0 
0 8.54392e-05 8.21269e-05 8.66979e-05 0.000570502 5.92223e-05 0.00026186 2.49446e-05 2.49446e-05 0 
0 0.000114467 0.000123271 0.000122402 0.000223402 0.000229494 0.000227565 8.09232e-05 0.000227954 0 
0 0.000228482 0.000246719 0.000229631 0.000223947 0.000226403 0.000224924 0.000366593 0.000502437 0 
0 0.000387779 0.000375226 0.000225316 0.00065674 0.000223791 0.000223101 0.000256644 0.00045992 0 
0 0 0 0 0 0 0 0 0 0 

Step 7
0 0 0 0 0 0 0 0 0 0 
0 4.25748e-05 8.62716e-05 4.12077e-05 3.30024e-05 3.56651e-05 6.7683e-05 2.9867e-05 2.23914e-05 0 
0 4.80514e-05 4.80514e-05 4.12077e-05 0.000105993 6.7683e-05 0.000111182 2.9867e-05 2.9867e-05 0 
0 2.9867e-05 2.9867e-05 2.9867e-05 0.000113098 0.000133312 6.7683e-05 6.7683e-05 2.9867e-05 0 
0 8.93278e-06 3.23047e-05 2.23914e-05 8.98039e-05 0.000146467 0.000140744 2.9867e-05 6.7683e-05 0 
0 2.23914e-05 2.23914e-05 4.4347e-05 8.83772e-05 6.7683e-05 2.9867e-05 2.9867e-05 2.9867e-05 0 
0 5.59416e-05 7.01697e-05 4.21093e-05 0.000106392 4.12077e-05 4.12077e-05 4.12077e-05 4.80514e-05 0 
0 4.80514e-05 4.80514e-05 4.80514e-05 9.57071e-05 4.12077e-05 4.12077e-05 4.80514e-05 4.80514e-05 0 
0 6.7683e-05 6.7683e-05 6.7683e-05 0.000110475 4.12077e-05 4.12077e-05 4.80514e-05 4.80514e-05 0 
0 0 0 0 0 0 0 0 0 0 

Step 8
0 0 0 0 0 0 0 0 0 0 
0 3.75691e-06 3.72695e-05 3.78964e-05 1.77862e-05 4.42364e-06 4.42364e-06 4.42364e-06 4.42364e-06 0 
0 3.75691e-06 1.13226e-05 3.72543e-05 3.475e-05 8.27451e-06 8.27451e-06 8.27451e-06 4.42364e-06 0 
0 8.27451e-06 8.27451e-06 8.27451e-06 2.6052e-05 3.74833e-05 9.15965e-06 9.15965e-06 9.15965e-06 0 
0 4.42364e-06 4.42364e-06 1.82808e-05 9.15965e-06 9.15965e-06 9.15965e-06 8.27451e-06 9.15965e-06 0 
0 4.42364e-06 4.42364e-06 4.42364e-06 9.15965e-06 9.15965e-06 8.27451e-06 8.27451e-06 8.27451e-06 0 
0 3.75691e-06 3.75691e-06 1.48457e-05 1.13226e-05 8.83442e-06 8.83442e-06 8.83442e-06 8.83442e-06 0 
0 8.83442e-06 3.631e-05 3.68667e-05 3.54983e-05 3.64041e-05 8.83442e-06 8.83442e-06 8.83442e-06 0 
0 3.63992e-06 9.15965e-06 9.15965e-06 3.70481e-05 8.83442e-06 8.83442e-06 8.83442e-06 8.83442e-06 0 
0 0 0 0 0 0 0 0 0 0 

Step 9
0 0 0 0 0 0 0 0 0 0 
0 1.45206e-06 1.45206e-06 2.34935e-06 6.56431e-06 1.45206e-06 1.44713e-06 1.45308e-06 1.45308e-06 0 
0 1.45206e-06 2.7436e-06 2.7436e-06 1.15202e-05 2.55165e-06 2.45007e-06 2.45007e-06 1.45308e-06 0 
0 2.45007e-06 2.45007e-06 2.45007e-06 2.45007e-06 2.45007e-06 2.55165e-06 2.55165e-06 2.55165e-06 0 
0 1.45308e-06 1.45308e-06 1.45308e-06 2.45007e-06 2.55165e-06 2.55165e-06 2.55165e-06 2.55165e-06 0 
0 1.45308e-06 1.45308e-06 1.45308e-06 2.55165e-06 2.55165e-06 2.45007e-06 2.45007e-06 2.45007e-06 0 
0 1.45206e-06 1.45206e-06 1.45206e-06 2.7436e-06 2.34935e-06 2.34935e-06 2.34935e-06 2.34935e-06 0 
0 2.34935e-06 2.34935e-06 2.34935e-06 2.34935e-06 2.7436e-06 2.34935e-06 2.34935e-06 2.34935e-06 0 
0 1.44713e-06 2.55165e-06 2.55165e-06 2.55165e-06 2.34935e-06 2.34935e-06 2.34935e-06 2.34935e-06 0 
0 0 0 0 0 0 0 0 0 0 

